            256
     6.98864412
   1.1160213947  -3.3652303219  -1.3972290754
  -3.3748366833  -1.0661162138   1.4140003920
   1.5691820383   3.3895883560   0.8707595468
  -1.7632002831   0.4806019664  -1.5614240170
   0.4944493175  -2.4278988838  -0.1286897808
   0.5164894462  -0.2562721670   2.7978467941
   1.6517995596  -0.1698618680  -2.2305791378
   2.0220942497  -1.8497844934  -2.6737565994
  -1.5366059542   2.3261554241  -1.8193933964
   3.2256872654  -0.1799435616  -0.3310151696
   2.8755242825  -1.1100583076   0.0991611257
   0.9948710203   3.0651853085  -2.5427997112
   0.9378097653  -1.6496548653  -3.3194947243
  -1.4053273201  -3.1193058491  -2.7597002983
  -2.8801529408  -0.2398543060   2.1064743996
  -1.3563450575   3.2094843388   2.5743482113
  -0.1091125384  -3.1704087257  -0.5463148952
   1.3009020090  -2.4866542816  -2.1290106773
  -0.5884391069   0.4587754309   2.2777740955
  -2.8200125694   0.5022550821  -1.2060841322
   1.1905504465  -0.9964699745  -1.5557028055
  -3.0347607136   3.1088926792  -0.4608795643
   2.9045939445  -1.8558890820   2.6013767719
  -3.4417402744   2.3023278713   1.1695951223
  -1.2392177582  -0.7445871234   1.3275883198
   0.5266408920  -1.7864596844  -2.0890965462
  -2.2685139179   1.3866207600  -1.6523053646
   2.2780475616  -1.2111399174  -0.7603273392
   0.5979827642   2.6453175545  -0.0228828341
  -1.2324078083  -2.8542616367   3.2155966759
   2.5006608963  -3.1785066128   2.5618646145
   2.9715552330  -2.7477710247   0.7866684198
  -3.0747456551  -1.8586040735   3.2989494801
  -1.5588469505  -0.0902008116  -2.3955121040
  -0.6260607243   2.9402248859  -1.1648540497
  -0.4750340283   0.1066711023   3.2662513256
   0.8509539962   2.2946829796  -0.9695686698
   1.0024898052   0.2768692970  -0.7438087463
  -1.8588413000   2.2143020630   1.1564306021
  -1.1936517954  -0.8223051429  -3.3154215813
  -1.3308787346   1.5647667646   1.9064466953
   2.1517367363   1.8857053518   3.4010999203
   0.4147864580   0.7065759897   3.1016921997
  -1.8217588663  -3.2029871941  -1.8325487375
   2.8178911209   0.5631252527   0.2351432741
   1.9250921011   0.7466878295  -0.8527861238
   2.9173216820   1.2887609005  -2.9889330864
   2.5031237602  -0.2077025622   0.9638220072
   2.2806138992  -3.2363982201  -2.5587019920
  -2.4016764164  -0.7204985023   2.9497468472
  -3.0858292580   1.0788993835   2.5011990070
  -3.2856023312   3.2712953091   3.0187454224
   0.2787927687   1.1196296215  -2.9504854679
   0.3685646951  -3.0255360603  -2.1656739712
  -0.8677516580  -1.8325496912   3.4574596882
  -0.0056432616   0.3475136459  -0.4015639424
   0.8539003134   1.2961891890   1.6094235182
   3.2513859272   0.5912402272   1.8715767860
   1.8595142365   2.1255977154   1.6373256445
  -2.7406892776   3.1443464756  -1.4578995705
   2.3329060078   2.7170503139   2.4927749634
  -2.9896595478   0.3497712910   3.2739191055
  -1.8126506805   2.3602471352  -3.3638474941
  -1.1722881794   1.7093119621   0.3960222602
   2.1205403805   2.8810043335  -1.9066895247
   3.1133182049  -0.8157809377  -3.4022862911
  -1.2615541220  -1.4454094172   2.2533354759
  -0.3810707331  -2.1408815384  -1.8369055986
   2.2632398605   0.1792712808   2.4839949608
   2.7049815655   3.0869467258  -0.2396963537
  -0.3222279847  -0.1616670042  -2.6040344238
  -0.2296424508  -1.0935738087  -3.0978403091
   1.6007200480  -2.8527863026  -0.6756207347
   2.7214627266  -2.2628626823  -1.2772033215
   2.6218733788   1.5558176041   1.3100444078
   3.1978805065  -1.3227837086  -1.1520409584
  -0.8190638423  -2.9547467232   0.2077571899
   3.1596343517  -2.2533545494   1.6822434664
   3.2378363609   3.2740609646   2.0865721703
  -2.0652725697  -2.0711460114  -2.9779462814
  -0.2422113866   1.4303193092   0.1515406966
  -1.6807606220  -1.3042598963   0.3512576222
  -0.2073156089  -3.1609914303   2.8977947235
   0.7510557771   1.7229812145   0.5578594804
  -2.5846648216  -1.9508929253   1.9469662905
   0.2137102634  -0.1943068504  -1.7166641951
   3.1722190380   2.7369105816  -1.2256160975
  -0.6898637414   0.2548144758  -1.2619717121
  -2.5812594891  -1.2561620474   0.8107715845
  -1.4058585167   0.8758777380   1.0912739038
   2.3579428196  -3.3610155582  -1.1842527390
  -2.7626669407  -0.7149391770  -0.0383039080
  -1.7175577879   0.3437065184   1.9209421873
   2.4305455685  -2.4682815075  -0.2069327831
   1.2476242781   1.4782423973  -0.4029137790
  -2.1973962784  -1.6774629354  -0.7055755258
  -1.7724238634  -2.2367169857  -1.4632371664
   2.5447938442   1.9609479904  -2.1018931866
  -0.6597682834   0.0981984958   1.1620395184
   0.2651964128   0.5152056813   0.7107759118
   2.8982853889  -1.8793958426  -3.2909877300
  -0.8995954394  -2.4952161312  -0.7652202249
  -0.2255725861  -1.2013794184   2.6228988171
   1.9061902761  -0.4594927430   0.0821342841
  -3.3193948269   1.8989570141  -2.4749450684
  -2.6634831429  -1.7447284460  -1.6722656488
  -2.1344621181   0.8052501082   2.7342259884
   2.9582748413   1.9179115295   2.7299780846
   1.8814548254   1.2508178949  -2.8516128063
  -0.5310872197  -1.4261119366  -0.1906325221
   3.3117649555  -1.7661782503  -2.2326269150
  -3.3706235886   1.1481971741   0.7421816587
  -1.4417616129  -1.8527947664   1.3349157572
  -2.0127916336  -2.2433876991   0.2602067292
  -2.3304255009   2.2343447208  -2.4710595608
   3.4747364521   0.1433091313   0.8747037649
  -1.7110657692   0.0849955231  -0.5109547973
   0.2874687016   3.0544471741  -1.7393937111
  -0.4555549324  -0.4146053791   0.1245145723
  -0.3239901662  -0.6964576840  -0.9225683212
   0.6220375299  -2.4229614735   2.4456148148
   1.6035561562  -2.3099105358   2.2510468960
  -0.8843956590   1.7957266569  -2.3658123016
   1.2894918919  -0.8849286437   2.9641799927
   2.7314414978  -0.9585986137  -2.4382886887
  -2.7321481705  -0.6318117976  -2.1242570877
  -2.6926400661   1.5983158350   1.7107597589
   1.9624055624   0.7654321790   1.2936289310
  -2.2048201561  -0.2062830180  -3.1920509338
   1.1806436777  -2.8702459335   1.4412803650
  -2.6894757748  -2.7946290970  -3.4611384869
   2.6938519478   3.3577857018  -3.4388451576
  -1.9447400570   1.0279284716   0.1360601038
  -0.4549698830   1.4445222616   2.7789387703
  -2.8235580921  -3.2609772682   2.1419200897
   0.5394076109   1.0257738829  -1.5451718569
   0.9584614635  -0.4216805398   0.4481808245
  -1.4074698687  -0.1650940925   0.4940038621
  -1.7778924704  -2.8908956051   1.7415559292
   0.3768526316  -1.2915968895   0.3868158758
  -2.9001290798   3.3470134735  -2.9152922630
   0.7486658096   2.9384727478   1.4187961817
   0.2311401665  -3.2286710739   1.9402168989
  -1.4366685152   1.4546285868   3.0496575832
  -0.7779639959   0.7609937787  -2.1474032402
  -2.8995985985  -2.4716758728  -2.3568778038
   0.3604358733  -0.6689894199   1.3995655775
  -1.7207299471   0.9468708038  -3.0443181992
   1.2377110720  -3.1181414127   2.8810169697
   1.2901517153   2.4731776714   2.4040093422
  -0.1551346034   2.1026668549  -0.6768498421
   2.2149167061   1.3820922375   2.2705032825
  -1.8382357359  -3.2620296478   0.8038064241
   0.7207359672  -0.7362163663  -2.4233872890
  -0.3905341625   2.2460415363   0.7655842304
  -3.2862589359   3.3743648529   1.0285540819
   0.2699646354  -1.5132911205  -1.1149824858
  -1.6851811409  -0.5329020619  -1.3419172764
   3.3681282997   0.6472198963  -1.8891675472
  -2.7764492035   1.2381502390  -3.2300171852
   2.6342973709   1.7732961178   0.0152407428
   0.2273576409   2.1387977600   1.8546429873
   3.4440186024   2.2165901661  -0.3975019455
  -2.8108012676  -3.0834982395   0.1808013022
  -1.7305322886  -3.0628135204  -0.3719168305
   0.4079459012   0.3496141136   1.9467794895
  -1.1125403643  -1.7143535614  -2.5088794231
   2.3349504471  -0.1892765462  -0.7884424329
   0.0614417829   1.9003385305  -1.6677142382
  -0.7419116497   2.3932139874   2.2232182026
  -2.3086447716  -0.2587575912   0.9366554618
  -0.7947908044  -2.7276332378   1.2822544575
  -1.2573221922  -1.4067351818  -1.0604170561
   1.9167847633  -2.6480522156  -3.3364820480
  -1.9478844404   3.4095957279   3.3942327499
   1.7190376520   3.3792605400   1.8853343725
  -0.9143056273   3.2727272511   1.0566385984
  -3.0058228970   2.4393234253  -3.4139015675
   3.3113434315  -3.0458333492  -0.3342457712
   2.0310106277   0.0679918528  -3.3995010853
  -2.8087973595  -0.8467221856  -1.1479175091
   0.5152726769   2.8854568005  -3.4023053646
   2.4587266445  -0.8086674213   2.2782912254
  -2.6720528603   2.4842629433   0.2943715453
   3.0052778721   2.3274693489  -3.1231517792
   0.8328166604  -2.7020530701  -2.9997375011
  -3.0746231079  -2.1425852776  -0.3087659776
  -2.7805120945   1.4027385712  -0.3045392632
   0.5580835342  -2.4690177441  -1.1813321114
  -1.8994746208  -2.2697012424   2.6415536404
   1.7743071318  -1.9288591146  -1.3744106293
  -0.8742732406   1.4805063009  -1.2652000189
   1.3133337498  -1.7266023159  -0.3332142830
   2.1866440773   2.1489484310  -0.9382248521
  -2.5697050095  -2.6521475315   1.1479507685
   2.3778860569  -1.4919061661   1.3823888302
   1.4913140535   1.4148678780  -1.7076399326
   3.1130614281   2.9524374008  -2.2970106602
   2.3475739956   0.5764755011  -1.8211302757
   1.6492601633   2.9546139240  -3.3453917503
  -3.0356986523   2.4312617779   2.2209172249
  -0.5016173124  -2.1186916828   2.0973758698
   1.7795517445   2.1628055573   0.5405156612
   2.9035654068   1.0396559238  -0.8713533878
   1.2248873711   0.0127697606   1.3162007332
  -3.3654124737  -1.9394564629   0.6932708025
  -2.6167683601   0.4457569420  -2.5202136040
  -3.2874178886   1.6989995241  -1.3085491657
  -0.9462509155  -0.4909099340   2.4537217617
   1.3790208101  -0.8745263219   1.9499751329
  -3.3119034767  -1.0920597315   2.5306096077
  -1.4603933096   0.1276660264   3.0818316936
   1.5255218744   3.0986626148  -0.3963433206
   2.7031199932   3.1749551296   0.9343358874
   0.4628809094   1.9790927172   2.9303371906
  -0.8221499324  -3.1240580082  -1.5749380589
   2.1243274212  -1.4514170885   3.1323921680
   3.3095455170  -2.6728363037   3.0701425076
  -1.7603943348   2.8827526569   0.1917401552
  -1.0997742414   0.9435300231  -0.4252152443
  -2.0010695457   3.0419943333   1.7281513214
  -0.5437163115  -1.3290456533   0.8664630651
   1.4232083559  -2.6748695374   0.3887076974
  -3.4346387386  -3.0501401424  -1.7183984518
  -2.7604372501  -2.9936122894  -0.8570435643
   0.7187264562  -0.7733134627  -0.5018191338
   3.2904062271   0.1404265910  -2.8552374840
   0.6603357792  -1.6530333757   1.5890618563
  -0.3284973502   3.4622030258  -3.1254856586
  -2.8801987171   0.3562918007   0.0450541712
   1.4802818298   0.7055977583   0.3672711849
  -0.7522662878  -0.8385086656  -1.8591322899
  -0.2258840203   1.1906946898   1.3818805218
  -2.0815899372  -0.9374214411   1.8741313219
  -0.6446222067   2.8906350136  -0.0416324995
  -0.6823195815   1.0513066053  -3.3004977703
  -2.7631382942  -1.0318787098  -3.0699338913
   1.5504952669  -1.2584103346   0.7961511612
   0.3914224505  -3.4550170898   0.6740456223
  -0.1079243720  -2.3627274036  -3.0006368160
   1.5588024855  -0.8965963721  -2.9869956970
   0.8042885065   0.4324697256  -2.4145660400
   1.0734368563   1.6504325867  -3.3002276421
   2.9895474911   0.8111174703   2.8639814854
  -2.7564458847   0.6087423563   1.4380348921
   0.1138944924  -2.2602415085   0.9591997862
  -1.6252379417   2.9728407860  -0.9902181625
  -1.7962112427   2.0992181301  -0.4562537670
  -1.9456348419   2.3904645443   2.5466647148
   3.2382206917  -2.9475831985  -2.9404151440
  -0.7081395984   2.4474103451   3.3596792221
   0.1761643589   2.3014235497  -2.5781862736
   1.3889884949   0.6471184492   2.7348020077
   3.1738305092  -0.3290522099  -1.3277204037
   2.1689102650  -2.7180783749   1.4824759960
  -0.8380100131   2.9520475864  -2.2266788483
