            256
     6.98864412
   2.4671640396  -3.4673197269  -1.6840811968
  -3.1366674900  -0.3005371094   1.2239366770
   1.4306304455   3.1210095882   1.1843558550
  -2.1976854801   0.4732506871  -1.4015600681
   0.4514756203  -2.1445214748  -0.2786461413
   0.1323153675  -1.1234734058   3.2381196022
   1.5191253424  -0.1025812998  -2.3001341820
   2.5689876080  -2.4400253296  -1.7760295868
  -0.4722786248   2.6524727345  -1.2694786787
   3.0997412205  -1.2576354742  -0.2954869866
  -3.2660093307  -0.9636011124   0.4838324189
   0.8466414213   3.4921360016  -2.7031264305
  -0.1853287220  -1.4201010466  -1.8715109825
  -1.6953943968  -3.3978896141   3.4673838615
  -2.2923569679  -0.5844919682   2.1251204014
   0.0571063682   3.3629591465  -3.4938035011
  -0.7004163265   2.3636817932   0.5130673647
   1.5689730644  -2.7249138355  -2.3101656437
  -0.2848033905   0.9934847951   0.4441129267
  -2.4484395981   1.4830019474   0.0935285762
   1.1899542809  -0.5130468607  -0.0773807690
  -2.0097963810   3.3999779224  -0.3666382730
   2.8745293617  -1.3857458830   3.0445692539
   3.2779536247   3.2184462547   2.4249949455
   0.2157623023  -0.8350610137   0.4661118090
   0.8953376412  -1.7041645050  -2.1025230885
  -1.8698210716   1.3311054707  -1.8997994661
   2.0685982704  -0.9688741565  -1.6260935068
   1.8496676683  -2.9897656441  -0.4042111039
   0.1294852644  -2.2616839409   3.0472376347
   0.9033219814  -2.9978656769   3.3350644112
   2.2016377449  -3.1241047382   0.5508385897
  -2.3616065979  -1.1791620255  -3.2750871181
  -1.3439271450   0.2228923440  -2.1289134026
   1.2126444578   2.5794405937  -0.9957017303
  -1.2382998466  -0.4734674692   2.4713492393
   1.3326222897   3.1091072559   0.1231778264
   1.1262819767   1.6078349352  -1.2669153214
  -2.0140922070   1.8450453281   2.2949466705
  -0.8230946064   0.4858578444   3.2842917442
  -1.1973159313   1.2521837950   2.5760316849
   2.3113276958   0.9577661157   2.6693050861
   1.6394674778   1.6813161373  -2.4156625271
  -2.6779248714  -3.0216679573  -2.8979723454
   1.6860094070  -0.4564822018   2.2638981342
   1.9184955359   0.9985066056  -0.8546819091
   3.4881532192   0.9846243858  -2.7361159325
   2.9483823776  -0.8497025967   1.4519960880
   2.9479286671  -2.5015759468  -2.7196505070
  -0.7142399549   0.7250532508   1.7392013073
   3.0788412094   2.0861356258   2.4170479774
  -2.6467399597  -3.1068463326   2.8360054493
   0.1376828104   0.5794172883  -2.4827640057
  -0.6145555377  -2.3074543476  -2.9621150494
  -1.4867790937  -2.5947358608  -2.5073010921
   0.5055732727   1.2818933725  -0.2508129478
   0.2578128874   1.8933156729   2.3538842201
  -3.1393463612   0.2548348308   2.1123638153
   2.1806647778   1.9565455914   1.2716559172
  -2.6314938068   2.4880826473  -1.3533227444
   2.3060755730   2.8365418911   1.8701606989
  -3.4826433659   1.0943928957   2.5743474960
  -2.2959182262   2.8143785000  -3.0970792770
  -1.7601439953   1.3817495108  -0.7071871758
   3.2085957527   3.0379583836  -1.2074725628
   2.6659829617  -0.4480430782   2.6950623989
  -0.8770170808  -0.2390736490   1.4848684072
  -1.1137177944  -1.7478910685  -2.0581192970
   0.8695371151   0.7170052528   2.8344290257
   2.2682719231   3.0798459053  -0.7438069582
  -0.7897310257  -1.2235612869  -2.9500930309
   0.4310142696  -1.9154851437  -2.9743216038
   1.3911975622  -1.8342119455  -0.5515287519
   2.4226217270  -2.1060543060  -0.5842970014
  -2.7610805035   1.2378449440   1.7000904083
   2.0216059685  -1.0985847712  -0.1944392622
   0.1309112608  -3.2757892609   1.1456456184
   2.7456588745  -2.9018175602   2.4956438541
  -3.3482997417   3.3966705799  -3.4749844074
  -1.6816235781  -0.6648030281  -2.5736713409
  -1.6102461815   1.2946476936   1.5090715885
  -1.1979600191  -1.0523693562  -0.2426298410
  -0.4272269607   2.4404308796   3.4907674789
   0.4622378647   1.8383629322   0.7172582746
  -2.5721480846  -1.7030673027   2.6134078503
   0.5739395618   1.4303655624  -2.1738648415
  -3.4075646400  -2.8902788162  -0.9107662439
  -0.8463731408   0.8015653491  -1.1323872805
  -0.7371092439  -1.9324108362  -0.0058376500
  -2.1686699390   0.5987862349   2.2675986290
   3.2453680038  -2.1674566269   0.2025878280
  -2.8971495628  -1.9618132114   0.7716968060
  -0.7975865602  -0.4825964272   0.4998720288
   1.8116394281  -2.1417591572   0.4009260833
   2.9932448864   0.7857732773  -0.3096768558
  -2.0524711609  -1.3697367907  -0.8619257808
  -1.7558320761  -0.4135261178  -0.8547076583
   3.0737838745   0.4182069600  -1.3260161877
   0.5776936412   0.2969765663   0.6209869385
   1.4684414864   1.3888128996   0.5780804157
   1.9634057283  -3.1448895931   3.4072997570
  -0.4549896717  -2.9358804226  -0.1709138453
   1.1125910282  -1.1705790758  -3.1335008144
   2.6039583683  -0.4015695751   0.5484595895
   2.8950078487   1.5296614170   3.3109409809
  -2.4280266762  -2.2602186203  -0.3776056767
  -2.4666481018   1.3841286898  -2.7160403728
   2.7665586472   1.2988399267   1.8340607882
   1.7251151800   0.0004162367   3.4409313202
  -0.0739746988  -2.3446168900  -1.2003096342
  -3.0141940117  -1.9291365147  -2.7961783409
   3.2843673229   1.9252749681   0.3619789481
  -2.2163510323  -1.8900640011   1.5343403816
  -1.0723150969  -1.7353099585  -1.0501621962
  -1.3494689465   3.1680212021  -1.2699526548
   3.4317524433   0.1205727085   0.3181620836
  -0.9705477953   0.1599453092  -0.2575656772
  -0.9476000667  -2.8293607235  -1.5888050795
  -3.3346540928  -0.8540749550  -1.1916600466
   1.8885852098   0.0655096173  -1.3426014185
   1.0212888718  -3.1035239697   2.0239899158
   2.0278041363  -1.5415157080   2.3466765881
  -0.3212480247   2.0313806534  -2.1898398399
   0.8526172042  -0.3360130191   3.0007607937
   2.1824119091  -2.1336951256   3.4051282406
   2.8357152939  -0.4178775251  -0.7933307290
  -1.9137643576   2.8259384632   1.7347986698
   1.6248376369   0.4878829420   1.0209248066
  -2.5835928917   1.0214995146   3.2722973824
   1.6620322466  -2.5794878006   2.5944688320
  -1.2780410051  -1.4290026426   3.1172351837
   2.7748897076   2.8427312374   3.3522202969
  -1.7725638151   2.4265789986  -0.4123804271
  -0.0328377858   1.5068490505  -3.2091474533
  -1.9777457714  -2.5755605698   2.2906389236
   1.1107099056   0.6495192647  -1.7804783583
   1.0646362305  -0.4758167267   1.1357319355
  -1.3298635483   1.3064568043   0.5324766040
  -0.9158328772  -2.4908223152   1.0292539597
   0.9395899773  -1.5305409431   0.4047545195
   3.2071185112   3.0802359581  -2.3265240192
   2.0207197666  -3.1468262672   1.7494184971
  -0.9448088408   3.4142558575   0.6784731746
  -1.4842091799   2.2124447823  -2.9119758606
  -0.8818544745   1.1774379015  -2.4085834026
  -2.3694922924  -1.9441845417  -1.8598499298
   0.1752543598  -1.2162655592  -0.5576004982
  -2.0489363670  -0.2487909794   3.2434804440
  -0.1386315078  -2.8011612892   2.0546236038
   1.1447815895   2.9992423058   2.5796961784
   1.1071094275   2.0715160370  -0.0948659778
   2.5465428829   0.1316731572   1.7269835472
  -1.4811531305  -2.7927110195   0.2273586988
  -0.5496953726  -0.1963601261  -2.9397740364
  -0.0420854241   3.1435458660   0.1739079356
  -2.8703286648   2.9754774570   0.9526057243
   0.0344381332  -2.9024679661  -2.4654293060
  -2.9834372997   1.0979198217  -0.7572073340
   3.3794360161  -1.9349701405  -1.2917017937
  -1.9710944891   0.4401988685  -2.9738690853
   3.2480938435   1.9538724422  -0.8018813133
  -0.6956598759   2.8724272251   1.4932777882
  -2.9517548084   2.3031103611  -0.2651844621
  -1.8148061037  -1.8550410271   0.3995761275
  -0.0040174676  -3.3442633152  -1.3812000751
   0.2902801335   1.0200258493   1.2746957541
  -2.7114551067  -1.0687787533  -2.3255314827
   2.0537407398   0.2042950392  -0.0810086504
   0.5691390038   2.4247088432  -1.7524298429
  -0.7174264789   2.2058370113   2.4906504154
  -1.9458203316  -0.9232388139   1.0072180033
  -0.0917039737   3.1039333344   2.5053086281
  -2.4216799736  -0.7818630934  -0.0476347804
   2.3870961666  -3.3986511230  -2.6957485676
  -1.2323720455   3.2554054260   2.3611137867
   0.6495057940   2.5737531185   1.4976710081
  -0.8433191776   1.7244923115  -0.3226089180
  -3.3752260208   2.3646025658  -3.0334980488
   3.2325270176   2.8955459595  -0.1090322062
   0.5692281127  -0.5616942644  -2.5030667782
  -2.1531207561   0.5799600482  -0.2529359758
   1.8492536545   2.1088919640   2.5907380581
   3.4285209179   0.7452225089   1.2386261225
  -2.9585764408  -3.0983121395   0.2643460035
   2.2651963234   0.8698295951  -3.0792696476
   0.7060465813   2.4673161507   3.3072888851
   2.7075963020  -1.4297133684   0.6570142508
  -2.9171519279   1.0686860085  -1.7780598402
   1.0940918922  -2.6066377163  -1.2570146322
  -0.8908888102  -2.5004861355   2.9969089031
   0.8781492114  -0.8514415026  -1.2507256269
  -0.0095708091   1.7215460539  -1.2661379576
   1.8184483051  -1.2556010485   1.2542747259
   1.4752141237   3.1127688885  -1.9497256279
  -2.7516896725   2.5475809574   2.2853136063
   2.9902851582  -1.8911366463   1.7526481152
   2.7277703285   2.1720008850  -2.4964852333
  -3.4270815849   2.0133740902  -1.9200782776
   2.9857263565  -0.3851364255  -2.0633282661
   1.9468452930   2.2347826958  -3.2809236050
  -2.7351007462   2.0096020699   3.1373689175
   0.2699713707  -1.7464534044   1.6324448586
   2.5172908306   1.0780160427   0.7798579335
  -2.6214010715   0.6256538033   0.8540558219
  -3.0899281502  -1.1639695168   1.8851159811
  -2.0920448303  -2.9708018303   1.1760276556
  -2.7886040211  -0.0311894286  -2.2420501709
   2.4242143631   2.2142624855  -1.4099169970
  -0.5347430706  -1.2090023756   2.2035865784
   0.4939230382   0.1932408959   2.0151805878
  -3.1600198746  -0.9319820404   2.8677523136
  -0.3081119061  -0.2543411851   2.7800834179
   2.4071481228   2.6386058331   0.5166822672
   3.2466819286   2.0989105701   1.4071419239
  -0.2017451376   0.9979853630   2.6750628948
   0.6329671144  -3.2010071278  -0.3150229156
   1.8259327412  -0.9712544680   3.1765594482
  -3.4700269699  -2.4486780167   3.4483160973
  -1.0172858238   3.0669901371  -0.2692175806
   0.0215842407  -0.1162233874  -0.3629633784
  -1.8773258924   2.4621980190   0.5944986343
  -0.9578117132  -2.1177148819   1.9892650843
   1.4843291044  -2.3670053482   1.3657517433
  -2.5404381752   3.3911540508  -1.9327801466
  -3.2969334126  -2.8121500015  -1.9062855244
   0.2641720176   0.7249931097  -1.2075371742
  -3.3210070133  -0.3496646285  -3.3192796707
  -0.6842693090  -1.4501550198   1.1676368713
  -0.9035676122  -3.3534238338  -2.8782787323
  -1.6147265434   0.1015892178   0.5105671287
   2.3373486996   1.8327182531  -0.3515173495
  -0.4409135878  -0.1739611924  -1.3079673052
  -0.5395315289   1.7721308470   1.4459272623
  -2.8388600349  -2.9387795925   1.8514413834
   0.0159432180   2.2899196148  -0.3536723554
  -1.4771915674   1.3235840797  -3.4130339622
   2.7060463428  -0.5752563477  -3.1250593662
   0.0905766562  -0.7641503215   1.5468949080
   0.9860305190  -3.0115861893   0.6221938133
   2.2520470619  -1.7702438831  -2.4680018425
   1.0368230343  -1.5334801674   2.6965312958
   2.4163630009   0.7826578021  -2.0594005585
   1.1225959063   0.7930926681  -2.8356797695
   3.0436999798   0.4013945758   3.3770473003
  -2.8348348141   1.9604352713   1.0059297085
   0.0107475221  -2.2415285110   0.6434000134
  -2.0704410076  -2.7381341457  -1.2720687389
  -1.0615020990   1.7926129103  -1.5224252939
  -1.5789691210   2.6274302006   3.1005036831
  -2.0782692432  -2.2163619995  -3.2639296055
   1.3955470324   1.4121669531   3.3963186741
   0.8299461007   2.2351334095  -2.7151296139
   1.2382158041   1.3569971323   1.8952745199
   3.2658808231  -1.4151275158  -2.3066821098
   3.1705894470   3.3545765877   1.3554989100
   0.0108983647   2.9922127724  -2.4030063152
