            256
     6.98864412
   2.7775425911  -3.1115427017  -2.1890707016
  -2.0070662498   0.2225572467   1.1399546862
   1.1245791912   2.7383244038  -0.1141469777
   2.6670281887   0.3526523113  -1.0923424959
  -0.4467334449  -2.3626277447  -0.2511411309
   1.0001749992  -3.4515483379   2.4204552174
   1.5721849203  -0.1480621547  -3.0377788544
   0.5317184329  -2.4508028030  -2.7041044235
  -0.0696645305   1.0464051962  -2.4890487194
   3.0599725246  -2.2271888256   0.5478122234
  -0.6126028895  -1.3341238499  -0.3545191586
  -1.0212230682   0.1827767640  -1.6316688061
  -0.4880095124  -1.6555210352  -2.3321983814
  -0.4573704004   2.8275873661  -2.7479853630
  -2.7589056492  -1.0864123106   2.7770020962
   3.4647045135   3.1790711880   1.3983910084
  -2.7436642647   2.6180295944   2.0888383389
   2.8960084915  -1.6773529053  -2.1877987385
  -1.5962940454   1.0067385435   0.0787937269
  -2.0881285667   1.3893661499   1.3327643871
   1.0237922668  -0.9686909914  -0.1814237535
  -2.3741042614  -2.3916542530  -1.7027771473
   2.7768001556   0.7756190896   3.1053180695
  -3.0347232819  -2.9194757938  -2.4568245411
   0.8885375857  -1.3870671988   1.1789432764
   1.0318580866  -3.1109688282  -1.9025300741
  -1.7089885473  -0.1274526566  -2.6003041267
   2.4643089771  -0.8619574904  -1.1978738308
   0.8917051554  -0.6732394099  -2.2435145378
   1.4290759563   2.6722579002   1.9422359467
   1.9699770212  -1.8132450581   1.4095489979
   1.5436623096   2.4916098118  -2.0619122982
  -3.3713037968  -2.2630937099  -3.4499683380
  -1.0701308250  -0.4010625780  -0.2851369977
   0.2590912580   2.8790256977   0.5593202710
  -0.5309028029  -0.7830639482   1.2502090931
   0.5878556371  -0.4795803130   0.8654675484
  -0.0214829408   0.2283785045   0.4398387671
  -2.2783093452  -0.5452778935   1.7682304382
  -1.4081542492  -1.1172220707  -2.6498098373
  -1.0897250175  -0.9499049783   2.1120836735
  -3.2458627224   0.1840397865  -2.7335789204
   2.4762880802   1.4087147713  -1.0213342905
  -2.4038252831  -1.0266615152  -2.5014154911
   2.5760097504   1.9992293119  -3.1402182579
   2.7861783504   1.8703746796  -0.1001059860
   3.4048841000   2.7093055248  -3.3425464630
   3.4011943340  -0.2445946783   1.6709947586
   2.1543440819   3.2227804661  -1.3672978878
  -1.3123673201   1.2615408897  -3.4895529747
  -3.0901901722   3.4041368961   3.1017129421
  -3.1164181232  -2.3573868275   1.1900982857
  -0.0411519893   1.4316370487  -3.4679775238
  -0.7654089928  -2.1951127052  -3.3654477596
  -1.2647551298  -1.6184509993  -1.6887356043
   0.9500224590   1.7965942621  -1.5271480083
  -0.5594902635   1.5647957325   2.6071715355
  -2.1358339787   0.1596199274   2.8668932915
   3.0678091049   3.4321923256   2.4380147457
  -3.3645637035   3.3456549644  -1.5269130468
  -3.3139929771  -1.8505251408   2.0429763794
   1.6364732981   1.6088720560  -2.9971511364
  -3.3295338154   2.4663026333  -2.2058351040
  -0.1373697668   0.6445426345  -1.3391233683
   2.9396831989   2.7875740528  -0.9195743799
  -1.9869140387  -0.8495423198   0.4316838682
   0.0545627996  -0.5390530229  -0.4924387038
  -0.2678256035  -2.4141049385   1.3414465189
   0.1816571355  -1.2112706900  -3.0516836643
  -3.3563981056   1.9600127935  -1.2949712276
   0.3152092099  -0.8289297223   1.8659248352
   0.0380527191  -3.1494674683   2.4675981998
   0.3965767920   3.3783433437  -0.4405680001
   0.3695864379  -2.6589930058  -1.2460104227
   3.3618848324   0.6923872232   2.0479705334
   2.1734004021  -2.7586772442  -1.2855987549
   1.3012965918   3.2844305038   1.0141596794
  -1.8035637140  -2.4274642467   0.4139643908
  -2.7120785713   3.1570925713  -2.7482314110
  -1.7245091200  -0.6088448167  -1.5405170918
  -2.4853742123   0.5815398097   1.9513489008
   2.2920777798  -1.1089724302  -0.1072254255
   0.1811363995  -3.2968535423  -3.2317030430
  -1.8044365644  -3.4800848961   0.3766978085
  -3.2107582092  -1.0682140589   1.2449856997
   0.8566359282   0.7532164454  -1.4491027594
   3.4231500626  -2.4478583336  -1.7464499474
   0.2690549493  -0.3476182520  -1.4881250858
   0.4289570451  -1.5490508080  -1.8925154209
  -1.6853412390  -1.2209634781  -0.7458661199
   2.6069221497  -2.7605729103  -0.1917143762
   3.0167644024  -2.8436431885   1.7133636475
  -2.4364511967  -0.3694280684  -0.3366343379
   1.4769201279  -2.8154790401   0.5451399088
   2.8658585548  -0.6989616752   0.7832965851
  -3.0970971584  -0.7242384553  -3.3048419952
  -3.4490985870  -0.5134514570  -1.0312987566
   2.1579539776   0.1988718659  -2.0748932362
   0.5460219979   1.5953153372   0.2708410919
  -0.1676760614   1.6875600815  -0.8664453626
   1.5818245411  -3.1388695240  -3.4421713352
  -0.5306936502   2.7614195347  -0.8658553958
   2.1598017216  -1.0121715069  -2.3463122845
   2.3894524574  -0.0395674817   0.0427015238
   1.8221110106   1.5307501554  -2.0128397942
  -2.4528768063  -3.4908392429  -0.4943895936
  -3.3682718277   1.7262885571  -3.1775171757
  -2.9559979439   1.1069968939   2.8908591270
   2.6932563782  -0.9729969501  -3.1937863827
  -0.6082842946  -2.3896336555  -1.5386995077
   2.7418076992  -2.4087369442  -2.9380068779
   3.0718328953   3.1793546677   0.2529236972
  -1.5819240808  -2.2274246216   3.0143830776
  -2.9960408211  -1.4720371962  -1.3303660154
  -2.5457949638   2.8010725975  -1.2443417311
  -2.8538606167   0.3657917976   0.4760763943
   0.0821090266  -1.2367924452   0.3735084534
  -1.4664219618  -3.4919092655  -0.9126874804
   1.2539043427  -1.2548984289  -1.3738331795
   1.6616553068   0.7443151474  -0.7774467468
  -3.1932597160   2.2948381901   1.0377070904
   2.8370118141  -1.0689805746   1.7183405161
   2.6146996021   2.1547436714  -1.9822797775
   1.3309459686  -1.6275871992  -2.9523346424
   1.8774163723  -2.1335918903  -2.1668620110
  -2.9889485836  -2.3453786373  -0.8156680465
  -2.1086649895   1.5000463724   2.4215278625
   2.5501060486   2.1289165020   1.7944461107
  -2.8000659943   1.3489893675  -2.3275120258
   0.6352445483  -2.4970939159   3.0002520084
  -2.2356376648  -2.2553982735   2.0134162903
   1.9788786173   3.3486862183   2.7284345627
  -1.9704338312   0.9001992345  -1.6887011528
   0.4605346620   1.7403056622   2.6880793571
  -0.6154686213  -2.1384668350   2.5002474785
   1.6457426548  -0.3868108094  -0.8285954595
   0.5556224585   0.3377717137  -0.5206774473
   0.3491225243   0.2542021871   1.6395986080
   0.4333495200  -3.0431950092   0.5731132030
   2.8947753906  -1.8379578590  -0.8120186329
   1.3556984663  -3.3456103802  -0.8794886470
   1.9529068470  -3.2658083439   1.7337317467
  -2.8093426228   3.0506749153   0.4660887122
  -2.0324668884   1.9328694344  -3.1124949455
  -0.9066830277   0.4029506147  -2.9155194759
  -1.0901049376   0.3655088842   0.7510175705
   0.3707095385  -1.5319194794  -0.8675191402
  -0.9364312887  -1.3315670490   3.0409617424
  -0.2312214524   3.4199113846   1.3960698843
   0.2912865877   2.8636662960   2.1661751270
  -0.7863950729   1.6099429131  -0.0749356151
   0.8752744198   0.6590664387   0.8356438875
  -1.8906084299  -2.2899484634  -0.8113405704
  -0.6712554693  -0.3506893814   3.2014937401
  -0.3756754398   1.1673308611   0.8797172308
   1.7399872541   2.3395020962  -1.0363341570
  -0.3892757297  -3.3575499058  -1.8140548468
  -0.4980347157   0.6498473287  -0.3431738913
  -3.0256299973   0.4543837011  -0.8363108635
  -0.5435201526  -0.6338032484  -2.4424033165
  -1.5292679071   1.5659979582  -0.7715462446
  -1.2320687771   1.8402378559   1.8823337555
  -1.5020588636   2.3477237225   0.1819158345
  -2.1741633415  -1.5741782188   1.1185995340
  -1.9131430387   2.2308382988  -2.0288794041
   0.8749630451   2.2303090096   1.0451619625
  -3.1015441418  -1.7593531609  -2.3277809620
   1.6196639538  -0.3837362826   0.7145582438
   0.8230519891   2.9047284126  -1.2957723141
  -3.0131006241   1.6261223555   1.8169711828
   3.4731853008  -1.5116987228  -0.0451647267
   0.1805491447   1.2346097231   1.7557021379
  -3.4194328785  -0.4429948032   0.0020665163
  -0.1847567558   2.3480486870  -1.8191429377
  -1.5832051039   2.8449697495   2.0676434040
   2.3197450638   2.8157763481   1.0291229486
  -2.5786523819   1.3514771461  -0.6165924668
  -1.6120191813   3.0291819572  -2.9556066990
  -2.9059855938   2.4604279995  -0.3409416080
  -1.2256326675   3.0041427612  -1.8792928457
  -2.4080116749   1.5853710175   0.3454185724
   0.9157582521   0.9573975801   3.1716527939
   3.1583561897   0.8704253435  -0.2158585936
  -2.4674298763  -1.7718980312  -0.0254245978
   1.0345335007   0.6589751244  -2.4673995972
   1.1029987335   2.7619700432   3.0620400906
   1.4369964600  -1.7156339884   0.3724350035
  -1.6372101307   0.5250360966  -0.7986229658
   0.7366541028  -2.2964024544  -0.3065463901
  -1.6163643599  -3.1557493210   2.3422615528
   3.3692212105  -0.5369931459  -2.0419163704
   0.5833540559   2.0527143478  -2.9693512917
   1.1565706730  -1.1980056763   3.1122004986
  -3.4523139000  -3.2182533741  -0.5543378592
  -1.3445823193  -2.4129986763   1.5718013048
  -2.7567951679  -2.9134089947   0.3882950544
   1.7059068680   2.7407665253  -3.0749137402
   2.5833747387  -3.4018783569  -3.4079744816
   1.7944040298  -2.2391886711  -0.4702600241
   1.8624030352  -3.4588716030  -2.4388267994
  -0.6028387547   3.0673434734   2.5975120068
   0.0520655960  -1.5932358503   3.0118172169
   1.9899182320   0.7568437457   0.5895782709
  -2.0160794258   2.4102210999   1.1712491512
   3.0500175953   0.4763455391   0.8124536276
  -2.0611846447  -3.3443322182   1.4338634014
   2.6927399635   0.1683623195  -2.9949042797
   3.3717687130   0.9316195250  -1.5326117277
   0.0676169172   0.1178040057   2.6000301838
   2.2917735577  -0.2021819949   1.6530596018
  -1.7154666185  -0.6403677464   3.3065145016
  -1.3521827459   0.7659222484   2.5831685066
   1.8671238422   1.7849035263   0.9052041769
   2.7980458736   2.3906564713   2.7784199715
  -1.5192813873   1.2880198956  -2.5012528896
  -0.8460012674  -3.4582951069  -0.1027569771
   2.3131456375  -0.5472676158   2.6771173477
   2.6632907391  -2.6120452881   2.6299865246
  -0.8501806855   1.3412429094  -1.6406738758
  -0.4518947601  -1.1388638020  -1.3232266903
   3.2296745777   1.4739156961   0.8217709661
  -1.0999120474  -1.3183467388   0.5994623899
   1.6182856560  -2.6539330482   2.4650979042
  -1.0622930527  -3.1766786575   3.1910042763
   1.9226570129   3.3732569218   0.0126191759
   0.3465452194   0.2503058910  -3.2372560501
  -2.7274711132   0.1469122469  -1.8012137413
   0.9943639636  -0.1488783062   3.0659918785
  -1.2001471519   2.3156557083   3.2958099842
  -0.7738729715   0.3622526228   1.7531752586
   1.6275786161   1.6292856932  -0.2478086948
  -2.1475255489  -1.6641980410  -3.2707850933
   1.3704319000   0.7842068076   1.8323289156
  -1.0560654402   2.9531381130   1.0156099796
  -0.9756473899  -2.9642181396   0.7831478119
  -2.2517554760   0.8307430744  -3.2222547531
   3.1872212887  -1.3669768572   2.9128763676
   1.4430460930  -0.7904660702   2.0065486431
  -0.1913121194   2.1788396835   1.2854887247
   2.0217900276  -2.0946891308   3.3523364067
   0.3696855009  -2.0127527714   2.1276326180
   2.4388582706   0.8480155468   1.5404075384
   1.8382530212   0.4732566476   2.8753609657
   2.9472439289   1.1032214165  -2.5598976612
  -2.0210671425   3.2046546936   3.0984051228
   0.9337744713  -2.7726128101   1.5588690042
  -1.4771125317  -2.9604542255  -1.7618358135
   0.0694728643   2.6469600201   3.2604629993
  -2.6904261112   2.4237794876   3.1321985722
  -2.4060802460  -2.7877552509   3.2936205864
   2.6811616421   2.8844039440  -2.6746180058
   0.6840693355   3.0667104721  -2.3916983604
   1.6501188278   1.5324620008   2.5324482918
  -2.0158543587  -3.0476551056  -2.6627085209
   2.4592278004  -2.9923994541   0.7959957123
  -0.9904538393  -2.9543848038  -2.7311465740
