            256
     6.98864412
   2.9918179512  -2.8800714016  -3.3797700405
  -2.3719263077  -0.9621956348  -0.7858403325
  -2.3527653217  -2.2446687222  -0.8252121210
   2.2904779911  -1.5263122320  -1.5427190065
   1.2820655107  -2.7496469021  -1.9289954901
  -0.9348103404  -2.4999017715  -2.7381691933
   1.0328333378   1.3585883379  -3.0493574142
   0.7617839575  -0.9299245477  -3.2063550949
  -0.9382867217   2.3096356392  -1.9628412724
   2.1700065136  -2.6386435032  -0.1110215709
   1.3362988234  -1.6069037914  -2.1480884552
   0.8215671778   0.5864264965  -1.3427604437
   1.0700405836  -2.1388263702   3.2332179546
   1.0695922375   1.7648736238  -1.9918216467
  -2.5431621075  -2.3677542210   1.3784141541
   2.0427324772   1.9015244246   3.4849669933
   2.8061487675   0.5576421618   1.7864934206
   2.9544265270  -1.5109084845  -0.7388612032
  -2.1796655655  -0.3596677780   0.6932766438
  -3.2874386311   1.1890488863   3.1227810383
  -1.3524171114  -0.9974382520  -0.1999094635
  -1.5918643475  -2.7262525558  -1.8904565573
  -3.1795916557   0.2530476153   3.4689722061
  -1.4130604267  -2.3205986023   2.7665145397
   0.0969876796  -3.2706646919   2.7567710876
   1.9031693935  -2.3520979881  -1.0809473991
  -0.3031720519  -0.5174312592  -2.1138629913
  -3.4580497742   0.1718491167  -2.5353727341
   0.4961467385  -1.5093470812  -1.5436692238
   1.9695340395  -0.5404902697   1.3705645800
   2.4012999535  -2.7127032280   1.7715429068
  -1.2211549282   2.5332376957  -2.9705874920
  -2.9484643936   1.1400954723  -2.7281057835
  -3.1492366791  -0.9724879265   1.4844434261
  -1.2011330128   0.7275000215   2.4209566116
  -0.2361581773  -1.3180481195  -0.8284847140
  -1.8351140022  -0.7380958796  -3.4365136623
  -1.3087053299   1.3665578365  -1.6884044409
  -2.6366610527  -0.3271524012   2.5999639034
  -1.1760579348  -1.4946576357  -2.3162305355
  -2.8935718536  -0.7520726323  -3.4091112614
  -0.6584821939   0.4340460896  -2.3458051682
   2.2177007198   1.5554502010  -2.4845287800
   3.4051873684  -0.9501538873  -2.6959905624
  -2.7900328636   2.2310578823   2.8095982075
   1.4928742647   1.0409080982   0.1475503892
   2.9917631149  -3.0420527458  -2.3621811867
  -1.2844862938  -1.7814704180  -3.3437268734
   1.1735910177   2.5851812363   3.3689179420
  -1.4007424116   1.5452874899   2.9819509983
  -2.1650383472  -1.5803251266  -2.8614585400
  -2.0636105537   3.3546857834  -0.6822293997
  -1.7800261974   3.4417974949  -2.6828429699
  -2.8408768177  -1.6728025675   3.1690926552
  -0.3970928788  -2.5669322014   3.3053975105
   1.4430716038   0.7987367511  -2.2470614910
  -1.9694893360   1.4462803602  -3.0967118740
  -2.2871367931   2.6376960278  -3.3878242970
   2.7052700520   3.3510270119   2.1520545483
  -3.0486774445  -2.9970340729   3.2439413071
  -2.7597541809  -2.3661031723   2.4506402016
   2.4911060333   0.6157097220   2.8118402958
  -3.4439978600   2.6425995827  -3.3404114246
   2.1968078613   2.7608327866  -2.3728489876
   2.8705527782   0.2366261482   0.5416129827
  -3.1182947159  -1.6658570766  -1.2702612877
  -1.6157721281  -2.2475209236   0.0061451853
  -1.6065326929  -3.1453821659   0.5518847108
   0.2949527204  -2.9898169041  -1.8830150366
  -2.4974257946   2.6536154747   0.0270575415
   3.1556997299  -0.6762925982  -0.1500745118
  -0.6223517060   2.9438598156  -0.1022831947
   1.8861708641  -3.2024657726  -2.8691964149
  -1.0171998739   3.3447735310  -1.0377826691
   2.1562271118  -1.9933060408   3.0470261574
   2.3188312054  -2.3226146698  -2.1794185638
   0.1247822493   2.4581587315   1.0263009071
  -0.0663348511  -2.0668113232   0.3420230150
  -2.8004591465  -3.4845936298  -1.5023829937
  -2.0885818005  -2.4893808365  -3.4308867455
  -1.8321568966  -0.0148460828  -0.4403328001
   0.7991998196  -0.2766176462  -0.2326066494
  -1.8641793728   3.2113616467  -1.7087692022
  -1.9208909273   0.9723961353  -0.9401145577
  -3.2855162621  -2.0235536098  -0.2995557785
   0.3393107653   0.3908797801  -2.2689845562
   2.1141943932   1.7533414364  -0.3981193006
  -2.4792158604   1.2033028603  -1.7813569307
   1.2979050875  -1.4718538523  -0.5923754573
  -0.6904954314  -1.9904420376  -1.5578961372
   0.6610801816  -2.7808308601  -0.0687405244
   2.0310540199  -1.6958230734  -2.9518346786
  -1.4315087795  -0.6552844048  -1.2681632042
   1.3195073605  -2.0687248707   0.3665162921
   2.9954528809  -1.8356134892  -3.2605018616
  -1.9842957258  -1.7841678858  -1.6894680262
  -2.4433238506   0.6886197925   2.2416627407
   1.7780894041   0.1686787307  -1.3373156786
  -0.0266697146   0.9201568365   3.4601502419
  -0.1899087131   1.1455816031   2.3296175003
   0.1416190863  -2.2690196037  -0.8233488798
  -0.6428681612   1.7492767572   0.1682961732
   1.2455340624  -0.3361503780  -2.1385433674
   3.1373240948   0.0071790111  -1.1099410057
   1.2809458971   2.9702863693  -1.6864069700
   2.5593328476   2.7475357056  -0.7051697969
   3.0198528767   1.7370268106  -3.2231466770
   2.9686694145  -0.2412915975   2.4948401451
   1.7497509718  -0.7629417777  -3.4924671650
  -1.6873884201   2.4349250793  -0.8259252310
  -3.0919430256  -2.0101268291  -2.8316190243
   2.8251001835  -2.0235626698   0.3767848015
  -3.2889647484   0.0249912702   1.4387068748
   3.2056825161   1.3438798189  -0.8404548764
  -3.1009991169   1.8505774736   0.5417966247
  -2.3246536255   0.6284321547   0.4508978426
  -1.3147615194  -0.3883399963  -2.6282584667
  -0.0138545204   2.9196636677  -1.6992603540
  -0.3677318692   1.2872090340  -1.3530814648
   1.7155567408   0.4192519188   1.7228474617
  -2.0282044411   2.2571132183   1.3129206896
   1.1562275887  -2.8461329937   1.1239442825
   1.2822190523  -3.1478631496  -0.9249276519
   2.3696429729   0.7018948793  -0.6705564857
   2.4054908752   0.9049575925  -1.7230651379
   3.0177743435  -3.3917832375   0.1699571311
   2.2325136662  -0.4408141375  -2.5150911808
   2.8683624268   1.4827522039   0.2476477176
  -3.3035912514   2.5497705936  -2.2843997478
  -0.1283125281  -1.4188894033  -2.6442644596
  -2.6281886101   3.2647097111   1.0562845469
   1.9698629379  -3.4597592354   1.2550320625
  -2.9028863907  -0.2037465870  -0.1061535552
  -0.0902801901   2.7106647491   2.1879961491
  -0.2432391047  -1.5528254509   2.0439672470
   0.2907672822  -0.4721992612  -1.1737374067
   1.4782291651   2.4302647114   1.0588128567
  -0.3262574673  -1.2252256870   1.0529240370
   0.7256417871  -1.5223209858   1.2188104391
   2.0936682224  -0.5573759079  -0.5777192116
   2.0725202560  -3.3509595394  -1.5312602520
   2.0090498924  -1.1681464911   0.5057657957
   1.3705753088   2.5850896835  -0.4600015581
   3.2735350132   2.4774610996   2.5105161667
   0.0278334618  -1.3769630194   3.0537748337
  -0.4719194770   1.9239273071   2.9189455509
  -2.2316780090  -1.2936302423   0.1841519177
  -0.9219832420   3.3708150387   2.2697873116
  -1.9381703138  -3.2518298626   1.6226520538
  -0.9863412976  -1.9305835962   0.7620743513
  -0.4602255821   2.1400930882  -0.8067212701
  -0.4337516427   0.6477257013   1.1265131235
   2.9852757454   3.1557128429  -1.6262010336
  -1.7166525126  -0.3156375587   2.1201460361
   0.6649826765   0.3929773569   0.6952126622
   1.5231842995  -3.4018781185   0.0706053227
  -2.9963963032  -3.3675646782  -2.5873842239
   2.4731748104   0.5055599809  -2.8890626431
  -2.9383950233   0.5395206809  -0.8960983753
  -1.7006266117   0.5686042309  -2.5156996250
   3.2511942387   1.2164157629   1.1385132074
  -2.7321748734   1.2488493919   1.4467117786
  -1.9151765108   2.1375653744  -2.2901914120
  -1.2920992374  -0.9545274973   0.8150149584
  -1.0313981771   0.4572730362  -1.3727664948
   0.5296607018   1.7861391306   2.9495792389
  -0.7315967679  -2.6711740494  -0.5067766309
  -0.1130822599  -0.2509772778   0.5800362229
   0.5614370704   3.1695287228  -0.2637709379
   2.1844308376  -3.0038499832   2.9996664524
  -2.2288529873   0.0135606760  -1.5218744278
   1.0182821751   1.4940383434   1.2713851929
  -3.2133479118  -0.6827002168  -1.4539071321
   0.6491968632   2.1522107124   0.1662647277
  -1.8734837770   1.6507127285   0.3185814917
   2.7836573124   2.1698758602   1.4068256617
  -2.6140489578   2.4037735462  -1.3501359224
  -2.2609460354  -3.4874281883   2.5947079659
   2.3957223892   2.6316485405   0.5154367685
  -1.7936259508   1.5357166529   2.0600371361
  -1.3105823994   0.6087250113   0.5972439051
   1.0692551136   2.5082261562   2.1628155708
   1.5181688070   1.3145309687  -1.1978386641
  -2.1486139297  -1.3867675066   1.1799522638
   0.5129504800   2.3453493118  -1.0637480021
   0.8814123869   3.2006669044   0.7476953268
   3.2484858036  -1.8951979876  -2.0527675152
   0.0006633193   0.5837829113  -0.0678309202
   3.0200572014  -2.6159238815  -0.7574728131
   3.3804945946  -2.7304716110   0.9519376755
  -2.6774702072   1.6179031134  -0.3374879062
   2.4875431061   2.8446152210  -3.4301521778
   0.2392400205  -2.6625366211   1.8753106594
  -3.0740330219   3.3803858757  -0.5352419615
  -1.1224106550  -2.1309652328   1.7699214220
  -3.0228898525  -3.4256689548   1.9278665781
   0.5594735146  -2.4110546112  -2.7610890865
   3.1989312172  -1.1586549282   2.9082331657
  -0.9465242028   0.7849057317  -0.3782640398
   0.4078921676   2.3639402390  -2.5245709419
   0.0956042632  -3.0023498535   0.8187295198
  -0.0287694819  -0.1037505195  -3.3314652443
   2.9625678062  -0.8953070045   0.8823858500
   2.2399194241   1.0908957720   1.0637348890
   3.1753139496  -1.8187242746   1.5059220791
   2.7745192051   1.6431061029   2.7828226089
   2.7882549763  -0.4439314306  -3.3754415512
   2.4447104931   1.9215264320  -1.5648533106
  -2.2148995399  -1.3354706764   2.1976628304
  -0.8365836143  -0.2996861935   1.5831848383
  -1.2191672325  -1.1930985451   2.5871281624
  -2.0788559914   0.6173979640   3.3112511635
  -2.9466748238   2.4472253323   1.7815743685
  -0.7867780924  -3.3387522697   1.1938326359
  -0.1138423681   1.3906962872  -2.4884409904
  -0.2088381350  -3.2935001850  -2.7755370140
  -0.3651927412   0.1359475255   2.3912668228
   1.2475649118  -2.5666172504   2.1703195572
   0.4469324946   1.3050093651  -0.7332076430
  -0.9139102101   1.5154186487  -3.1013219357
  -3.2776107788   0.8247404695   0.1536974162
   0.2739892304  -0.6883073449   1.9424179792
   1.0169935226  -1.3752237558   2.1849820614
   3.0377006531  -2.2877688408   2.5124378204
  -3.1809530258  -1.3851402998   0.4867688715
  -1.5180174112   3.3432443142   3.3036503792
  -3.3309357166   2.3256421089  -0.6118086576
   1.6470683813  -1.9231809378   1.4587526321
  -1.4307452440   2.8320047855   0.5594595671
  -1.0035375357   0.0958838835   3.4776065350
   0.6691422462   0.3688963056   1.7370887995
  -0.7358620763  -0.9245635867  -3.3509237766
   1.2188532352   0.0119971279  -3.0970749855
   0.1489183307   1.4048105478   0.7520665526
  -1.1776667833   1.5451180935   1.1256926060
  -2.3647480011  -0.3770247996  -2.5414912701
   1.9524507523   1.5170012712   1.9318435192
   0.3752934039  -1.1504566669   0.2088601440
  -0.8796531558   2.0960962772   1.9921731949
   2.4671857357  -1.3276460171   2.1733014584
   1.5593309402  -0.3559684753   2.5483279228
  -1.7242218256   0.6388939619   1.5300713778
   0.5959871411  -0.0494581982   2.6617076397
   3.4026563168   1.3758721352  -1.9589285851
  -1.7454437017   2.5413682461   2.4508743286
   0.6436031461   3.4126551151   1.7209249735
  -2.7788634300  -2.5590050220  -1.9793051481
   1.4031533003   1.1740187407   3.0285444260
   2.0173277855   2.4137928486   2.5543091297
  -0.1305277348   2.8173644543   3.3327963352
   0.8858849406   3.2885160446  -2.6227695942
   1.1863098145  -3.2791476250   3.1298780441
   1.8828011751  -0.1765416414   0.3875169456
  -2.8119883537  -2.9662566185   0.2228937447
   3.1155357361   3.3303830624   1.2197066545
  -0.9137676954   3.4300858974  -2.1129436493
