            256
     6.98864412
   3.1482567787  -2.0904371738  -2.8874135017
  -2.6920270920  -2.3811087608  -0.5547311306
  -1.4637372494  -1.1866166592  -3.2233781815
  -1.7981730700  -2.6345717907  -2.3290376663
  -0.4695633948  -3.1754620075   2.5810039043
  -1.0272064209  -1.9176139832  -2.3062231541
   0.2263681591  -2.6486010551  -2.4446120262
  -0.6620337963  -3.3846495152  -2.8519582748
  -0.3223906755   3.2882730961  -0.8978580236
   1.0748615265  -2.4448058605  -1.8501384258
   0.9939965606  -1.0027679205  -2.5505170822
   1.7092207670  -1.8710557222  -2.9654541016
   1.6331623793  -2.8577389717  -2.7442183495
   2.3835144043   3.2801609039  -2.5192496777
   3.3891894817  -2.2611126900   3.0960450172
   1.9232770205   2.7410957813  -1.3681424856
  -3.3609333038  -1.3472192287   3.4755148888
  -2.4338293076  -0.6367534995  -2.2182602882
  -2.3504576683  -0.7639194131   3.4607946873
  -2.3878273964   0.4308033586  -1.6491944790
  -1.5004016161  -0.9885452986  -2.0365533829
  -1.8292264938  -0.3376620412  -1.2819623947
  -1.0116381645  -0.1846885681  -2.8374974728
  -0.1833693981  -1.4768713713  -1.8683570623
   0.7880018950  -2.7855381966  -3.4475114346
   0.6497923136   0.1683291942  -1.8516402245
   0.7132727504  -0.1707685590  -3.0968925953
   0.1399232745  -0.5833783150  -1.2410155535
   2.3333520889  -0.7658632994  -2.1633460522
   2.5878462791   0.3245930970  -2.8015267849
   2.6317083836  -1.1377871037  -3.0677914619
  -2.7883555889  -1.7608835697  -2.7039473057
  -1.8790129423   0.3284963667  -2.5663962364
   2.2280545235   1.3702379465  -3.3157422543
  -0.9352982044   1.3990526199  -2.7345554829
  -1.8376667500   1.2297632694  -1.3432815075
  -2.5460970402   0.4683969319  -3.3586187363
  -1.1356294155   0.8164675832  -1.9410507679
  -0.2104771584   0.3344278038  -2.4487636089
  -0.1345214993  -0.7264935970  -2.5689218044
  -0.4852316678  -1.0155508518   3.4649245739
   0.4080624580   2.0981173515  -2.0215241909
   0.8325653672   1.3665384054   3.1015820503
   1.4492763281   0.5538157821  -3.1917405128
   3.4099569321   0.7461003065  -3.4653980732
   1.9551681280   1.7287598848  -1.4518733025
   3.4853048325   2.4839687347  -2.0090229511
  -3.3633916378  -0.2326944917  -3.2950963974
  -1.3268191814   1.9575953484   3.1756739616
  -3.0790169239   1.2543540001  -1.7648758888
  -3.2493016720  -3.4408655167  -1.9493303299
  -1.9428497553   1.6705284119  -0.3815279007
  -1.9078890085  -3.4598255157  -3.0207321644
  -0.1460641772   2.9070608616  -1.8116346598
   1.3855262995   3.0677990913  -2.7229301929
   0.5789998770   1.1735584736  -2.5000221729
   0.2827904522   1.9459939003  -3.0857203007
  -0.5960793495   2.0142672062  -1.9940179586
   2.0055217743  -3.2983725071   2.1117627621
   1.5132582188   2.0065999031  -3.0000309944
   3.4152011871  -3.2800483704   3.0884895325
   2.4546205997   2.1182110310  -2.3044564724
  -3.1823906898   2.6041889191  -3.1371874809
   2.6763319969   1.0917230844  -1.9984344244
  -3.4058096409  -2.4112253189  -1.7837054729
  -2.3241038322  -2.9715006351   0.1713936031
  -1.3928886652  -1.7811809778  -0.9118149281
  -0.9274335504  -3.0503780842  -1.6460032463
   0.1324822605  -2.5679504871  -1.3912352324
  -1.1569257975  -3.1925966740  -0.6490600109
   0.7494281530  -1.6242647171   1.1397258043
  -0.8298859000  -2.1951854229  -0.1646481007
   0.7316438556   3.4361996651  -2.0113177299
  -1.3137516975  -2.8713486195   0.5646277070
   2.3346726894  -2.2372174263  -1.9316099882
   0.3171310723  -2.5966556072  -0.3365138173
   2.6457955837  -2.5172727108  -0.9421868920
   1.5945903063  -2.5539205074   0.1380303502
  -2.4317359924  -2.7831842899  -1.4364048243
   3.4036929607  -2.7585513592  -0.2685581744
  -3.2980859280  -1.5162070990  -1.1495084763
   3.0807518959  -0.7884404659  -0.4324139655
  -0.8282169104  -0.5863982439  -0.6280593872
  -2.3682193756  -1.0622137785  -0.7125818729
  -2.2602167130  -1.6400074959  -1.8005686998
  -3.1581771374  -0.3547209203  -1.0915650129
   1.1829556227   0.7811869383  -1.2542462349
   0.2282402366  -0.7255821228  -0.1995105594
   1.3142644167  -2.2635180950  -0.8585277796
   0.8063604236  -1.2953653336  -0.8438282609
   1.5761023760  -1.4617766142  -1.6811103821
   1.0898838043  -1.1947489977   0.2143687606
   3.3116750717  -1.2667242289  -2.1681823730
   2.4885799885  -1.3951307535  -1.2389113903
   2.5825426579  -0.3236004114  -1.2631692886
   3.0345160961  -1.7960665226  -0.3585288227
  -2.5011410713   1.5295636654   3.3810677528
   3.2307393551   0.5580255389  -1.2257570028
  -0.4070065916   0.3152390122  -0.8173436522
  -2.7973136902   0.0391087905   1.0221897364
  -0.6700715423  -0.3155057728  -1.7919391394
  -1.7050225735   2.3648862839  -1.3671523333
   0.7554405332   0.0460003279  -0.7139007449
  -2.2539229393   0.8967612982   0.4567700922
   0.0504393689   1.1806844473  -1.2423024178
   0.9256961346   1.9691013098  -0.6660940051
   1.7168300152   1.2029937506  -2.4400820732
   2.2535116673  -0.5601520538   0.4083712697
   1.6161266565   0.1345725656  -2.2369527817
   2.7020885944   0.2386173457  -0.1655687839
  -3.3845071793   0.3261503875  -2.2741379738
  -2.8252346516  -0.2249128520  -0.0822211504
  -2.8390009403   2.1310906410  -0.1365396976
  -1.9361518621   3.3401370049  -1.6142276525
  -2.5486266613   2.6503980160  -2.2571580410
  -1.1880258322   1.5957581997   0.4922085702
  -2.1376554966   1.6553277969  -2.3755085468
  -1.2513307333   2.8043372631  -2.2061202526
  -0.5328966975   2.1947801113  -0.9646892548
  -0.2782950103   1.1849552393   0.2191761434
  -1.0154042244   1.2806261778  -0.5297243595
   0.4580194354   3.0193557739   0.0424984917
   0.7826791406   2.8665421009  -1.0906105042
   1.8335208893   1.4495368004  -0.4506620765
   3.4889817238   1.5906779766  -2.7245142460
   2.7658400536   3.3406443596  -1.3454276323
   3.0761148930   1.7348333597  -1.1951134205
  -2.7112050056   2.7458438873  -1.2514759302
  -2.8924827576  -3.4034192562  -0.6599143744
  -1.0961673260  -2.2598497868   2.5001940727
  -2.5138280392   3.2344369888   0.8859208822
  -3.1875574589   2.9581589699   1.5855590105
  -1.8929886818  -1.7898952961   0.0640211776
  -2.0534996986   3.1362221241   2.0450961590
  -0.3767770827  -1.5664471388  -0.8405622244
  -0.9881504774  -1.9753758907   0.8968970180
   1.5425968170   3.4143180847   0.7039840221
  -0.1406888813  -1.5710029602   0.2105254233
   0.7961578369  -2.8099305630   1.6150422096
   2.0926084518  -2.3863925934   1.0503987074
   1.2065241337  -3.2872440815  -0.6474133730
   2.4342956543  -1.3978642225   1.3572602272
   2.3616700172  -3.4328780174  -0.2756357491
   3.2451019287  -2.9867537022   1.8308784962
   3.2475254536  -1.8338233232   0.8355209231
  -2.4984455109   0.2022641897   2.1888477802
  -1.7785770893   0.4747124016  -0.3603905141
  -1.8470439911  -2.5410153866   1.3547400236
  -2.1497581005  -0.8364081979   0.6642594337
  -1.0361645222  -1.0030319691   0.6408709884
   0.3595618606   1.8465276957   0.8479685783
   0.1458669007  -0.4122140408   0.7574532628
   1.5731689930   0.4499708116  -0.2532940209
   1.6556341648  -0.8325799704   1.6901706457
   1.1550089121  -0.0922660828   0.7268505692
   1.5652698278  -1.7935769558   1.9523153305
   2.0646913052  -1.4970246553  -0.2100041211
   3.2559256554   0.4319162667   0.7588214874
  -3.0419270992  -1.6298707724   0.0507430732
   3.3005750179  -1.4491033554   2.3872780800
  -3.2670485973   1.3059026003   0.3499729335
  -2.4157996178   1.8858419657   0.7401457429
  -2.8039875031   0.9569742084  -0.7512806654
  -1.8522794247   1.2662187815   1.2971637249
  -0.5095545053   0.1724744886   0.2390648574
  -0.7548677921   1.1412007809   1.3967844248
  -0.3281938434   2.2217788696   0.1573992968
  -0.6690088511  -0.2008199096   1.3385694027
   0.5704383254   0.9635354877  -0.2756012976
  -0.3021862209   2.2758264542   1.8316068649
   1.6676275730  -0.4816166461  -0.7314370871
   1.1766740084   0.8406612873   1.3223384619
   2.2403011322   0.5191761255   1.0791636705
   2.2394809723   2.1259837151   1.1899772882
   2.3940103054   2.4094779491  -0.2381559759
  -2.8377232552   1.0282052755   1.3457964659
  -1.5105894804   2.6326763630   1.3233746290
   3.3683164120   2.8701014519  -0.2544896901
  -1.7360147238   3.0017521381  -0.0534409843
  -2.2213451862   2.0458135605   2.1066882610
  -1.4915930033   0.0495666675   0.6451772451
  -0.6034418344   2.9743084908   1.0638979673
  -0.6518691778   3.3767695427   0.1064093113
   0.3869934678   3.0379467010   1.3061138391
   1.7038030624   1.5091508627   0.5481358767
   1.2284194231   2.3759400845   0.8350898027
   1.4508124590   2.7302618027  -0.0870261043
   2.6845557690   1.1431705952   0.2802690566
   3.0055553913   2.9663126469   0.6726326942
   2.7127902508  -3.0480437279   0.6172721982
  -3.1803300381  -2.9270734787   0.7625989914
   2.6379773617   2.9354367256   1.6733347178
  -2.7421672344  -3.1000022888   1.6962853670
  -2.7878582478  -2.7551856041  -2.9362406731
  -1.1435638666   3.3436148167   3.2394130230
  -2.5186021328  -3.2177484035   3.0618407726
  -1.1040308475  -3.2377762794   1.5799783468
  -2.0412969589  -1.6924848557   3.0401122570
   0.5284556746  -1.0331710577   2.1870341301
  -0.7248775959   2.5398736000  -3.1474967003
  -0.0225931853  -2.5559370518   0.8025819659
   0.0042525451  -1.7456550598   2.7677040100
   2.0217678547  -1.5069941282   2.9911577702
   1.8048937321  -3.2750892639  -1.7824800014
   2.3568582535  -2.4745943546   3.2222049236
   1.4074889421  -2.6063899994   2.6839387417
  -2.8482427597  -1.7775533199   1.4475668669
   3.1815392971  -3.1579489708  -2.8267774582
   3.4711868763  -0.7402068377   0.5739820600
  -3.2700455189  -0.3701561987   2.6443858147
  -1.8121681213  -0.4588265121   1.7024042606
  -0.9219175577  -2.4154679775  -3.3198664188
  -1.5451523066  -1.5065392256   1.7307220697
  -1.3775177002  -0.8938850760   2.7494199276
   0.1079387441   0.2321619838   2.4468147755
   0.2804595530  -1.7623344660  -2.9078762531
  -0.4319074750  -1.2188193798   1.4252027273
   0.9881597757  -1.6577932835   3.1973841190
   0.7068142295  -0.0463555232   1.6922091246
   1.7764320374  -0.6642364264  -3.2915623188
   2.6347150803  -2.1793286800   2.1513917446
   2.3785548210   0.3748559058   3.1358757019
   2.7776749134  -0.5766037107   3.0708007812
  -2.7765166759  -2.1528100967   2.5113401413
   3.3479378223  -0.4724471569   1.6191953421
  -1.8774298429   0.9825628400   2.5625367165
  -3.1936764717   1.9747060537   1.3679137230
  -2.5900075436  -0.9987004995   2.2608113289
  -1.0245025158   0.3121520281   2.2257244587
  -1.3697185516   0.7326011658  -3.4218146801
   0.1218975782   0.6321749687   0.9523394108
  -0.4142740071  -0.6752243042   2.4965589046
   1.1807640791  -0.4864805639   2.8459656239
  -0.8999204636   1.2675617933   2.4976661205
  -0.3382315636   1.3647183180   3.3357737064
  -0.1932274550   0.1264046729   3.4598701000
   0.2433103621   1.1930712461   2.0715627670
   1.3274883032   0.5567584634   2.4840989113
   2.3451416492   0.7571257949   2.1562378407
  -3.4633574486   0.6313565373   2.4648854733
   2.8545830250   1.4928323030   2.8232738972
  -3.1340825558   1.5651606321   2.3031566143
   3.1157724857   1.2481361628   1.6549202204
  -2.4658005238   2.6360545158   2.9162833691
  -1.2635568380   2.4084882736   2.2700901031
  -0.2031749785  -2.3821113110   1.9206703901
   0.6175891757   3.4908001423   2.6529271603
   0.0387769267   2.2286238670   2.9028272629
   0.6927166581   2.1010074615   1.9732766151
   0.5059567094   3.2117605209  -3.2558243275
   1.4671984911   2.7525060177   2.0197272301
   1.4253543615   2.6274843216   3.1302378178
   1.9101215601   1.8940181732   2.2874777317
   2.8742630482   2.5558729172   3.0585122108
   2.2194917202   3.4521813393   3.0597434044
  -1.9752585888   2.5311112404  -3.1809988022
