            256
     6.98864412
   2.1050591469  -3.4839506149  -2.7503042221
  -2.4897561073   0.5465966463   0.8779018521
   1.6169332266   2.9246037006   0.8865652084
   1.9369105101  -0.7308273315  -1.2072159052
   0.5174081922  -2.4146709442  -0.1898358315
  -0.8170592785  -3.1798915863   2.5121724606
   0.9533123970   0.7169308662   3.2874178886
   0.3046666086  -1.1970378160  -3.3395848274
  -0.9710876346   1.3059681654  -1.9359081984
   2.6028354168  -1.1130355597   0.1195058301
  -0.8318055272  -1.6533763409  -0.8756023645
  -0.9997850060  -0.1780833900  -1.2109209299
  -0.3927106261  -1.9505544901   3.4576203823
  -0.2564957738   1.9123805761  -2.6888182163
   3.1292951107  -0.7316853404   2.3337063789
   2.4260835648   1.9119073153   3.3277280331
  -2.5378763676   2.2079863548   2.8840343952
   2.1230978966  -1.2320668697  -3.1519272327
  -1.4724601507  -0.3943187296  -0.2216269970
  -3.2993435860   1.5182597637   2.4999303818
   0.3128854930  -0.9405526519   0.2926419675
  -2.8448934555  -2.0934371948  -2.1805753708
  -2.7888131142   1.1053155661  -3.3568744659
  -2.8236050606   3.4587481022   2.6103024483
   0.0577826984  -2.7388665676   2.9898958206
   1.0664107800  -2.1846666336  -1.4219850302
  -1.6076209545  -0.0703874826  -2.9552621841
   3.1659259796   0.0020709161  -2.0155630112
   0.0858238488  -1.4928203821  -1.3198301792
   2.5948548317   0.9293426275   1.1247470379
   2.8571469784  -1.9418284893   1.9075505733
  -0.1999690682   3.1800954342  -1.7207024097
  -2.5798854828  -1.7335990667   3.1650145054
  -1.9539878368  -0.9875584841   0.9402459860
   0.5425289273   2.5766990185   1.0052481890
  -1.5578554869   0.0457950793   0.7703744769
   0.5946406126  -0.5564512014   1.1767667532
  -1.8162499666   0.9410587549   0.0024540497
  -2.8292417526  -0.8383778930   2.2071485519
  -1.4277299643  -2.2138061523  -2.7102038860
  -2.1004319191  -2.1136023998   1.1116443872
  -2.7914044857  -0.0334432870  -3.1448314190
   1.6133447886   0.8039769530  -0.8953167200
   2.8293757439  -1.0734336376  -2.2666871548
  -2.7030172348   1.7149295807  -2.4948270321
   2.0953559875   1.8047057390   0.6009221077
   3.4631934166   2.4595892429  -2.2766609192
  -3.4282989502  -1.0674047470   3.2017433643
   1.8168276548   2.1241450310  -1.9505898952
  -0.9958711267   0.8018003702   3.0200126171
  -2.2221839428  -2.5431675911   2.4888393879
  -2.4675593376  -2.3352077007   0.1599162072
   1.2855008841   2.4190795422  -2.9072642326
  -1.6737061739  -3.1141819954  -3.3427748680
  -0.8801563382  -1.0159687996  -1.7559399605
   1.7369583845   2.6134023666  -1.0321977139
  -0.9064962268   1.9525352716  -3.4594986439
  -1.9399123192   1.3741929531   2.9992945194
   2.0314757824  -2.2013039589   2.8213655949
   3.3361499310  -2.7723734379  -2.8173205853
  -3.4166748524  -2.2126128674   2.7025361061
   1.6749178171   1.4158769846  -2.7529404163
  -2.3767604828   2.6751143932  -2.3847565651
   0.1517965496   1.0205967426  -2.3580143452
   2.1989686489   1.6045086384  -0.4839757979
  -3.3401436806  -0.6748085618   0.0028320968
  -0.3656974733  -1.7412223816   0.0656193122
  -0.9187442064  -2.6209814548   1.4858319759
  -0.3424319923  -2.3161165714  -2.5804359913
  -3.1096582413   1.8918591738  -1.5610359907
  -1.9302122593  -0.4510300457   1.8849203587
   0.9194493294  -3.3930995464   1.6888730526
   1.8155230284  -3.1414451599  -1.5402854681
  -1.1597867012  -3.4651181698  -1.2284085751
   2.7283415794  -0.1930320263   1.5204665661
   2.0745470524  -2.4382860661  -3.1179895401
   0.9756515622  -2.9654705524   0.6814822555
  -1.4582504034  -2.7136781216   0.3355821669
  -2.4028236866   3.1721444130  -3.4873168468
  -2.0261094570  -1.3059695959  -2.0089554787
  -2.6583559513   0.3971113563   2.1131336689
   1.7023798227  -1.6083133221  -0.0908192620
   0.2716526091  -3.0996468067  -2.4003942013
  -2.0817508698   2.4027304649   0.3066419065
  -3.3138027191  -1.8144829273   0.5707154870
   0.8418316841  -0.1047406346  -2.8866169453
   2.1616556644  -3.3861181736   0.0391905904
   0.0357825272   0.2937361896  -1.6432110071
  -0.0747110546  -2.6006274223  -1.5285280943
  -1.7797510624  -0.8916272521  -1.1249163151
   2.7104337215  -2.9526495934   0.8821892738
   3.3272323608  -3.2131040096   3.0940396786
  -2.8389437199  -0.8275243044  -0.9504232407
   0.9160855412  -1.7820887566   0.5455442071
   1.4291363955  -1.6026467085   2.0193264484
  -1.4814097881  -1.6005282402   3.1879661083
  -2.1427712440  -0.2071072757  -2.0228636265
   1.3129981756   0.9530165195  -1.8490593433
   0.0860126466   0.5020278096   1.6859241724
   0.4265387654   1.4529272318   1.0458428860
   0.6546674967  -1.9958493710  -2.3325693607
   0.0830460414   1.7927680016  -0.0796634555
   1.0731823444  -1.1173512936  -1.6997545958
   2.8721714020   0.8391810656  -0.0315101519
   0.8041750193   2.5381586552  -1.4981439114
   2.6307902336  -2.9200210571  -0.7433679104
  -3.0495631695   2.4200613499  -3.1636834145
  -3.4093048573   0.0298163183   2.9056169987
   3.2834591866  -0.4561556280  -2.9491660595
  -0.7163922191  -2.6129326820  -0.4109241664
   3.0525755882  -1.8234058619  -3.3359644413
   1.8688163757  -2.3946082592   0.5125147700
  -2.0800099373  -1.5128445625   2.2470247746
  -2.9790518284  -0.7626396418  -2.1727519035
  -3.4323563576   3.2773733139  -1.2731782198
  -3.1940464973   0.4291776121  -0.0392880440
  -2.4349222183  -1.1078507900  -0.0337642357
   0.0110130804   3.3864271641   0.0665115714
   1.1683315039  -0.0403726324  -1.6594239473
   2.4357240200   0.4452579916  -2.6793828011
  -3.0635247231   2.5664079189   2.0015749931
   2.2643566132  -1.2142623663   2.6676054001
   2.4668133259   2.8701887131  -1.7938606739
   1.9792933464  -0.3347966373  -2.2471821308
   0.2065767199  -0.6778603792  -2.2090880871
  -3.2969143391  -2.8319139481  -0.6259041429
   2.9945759773   1.0712308884   3.1031684875
   2.9485886097   1.9933562279   1.3518856764
   3.0279800892   1.3826069832  -2.8369665146
   0.2521000504  -1.6016579866   2.6184918880
  -2.9154951572  -2.0933668613   1.8281975985
   1.9474749565   3.2607252598   2.2470753193
  -2.9381732941   0.3246921301  -1.2776099443
  -0.2380228192   1.3017296791   2.2871072292
  -0.6164413095  -1.7590049505   1.0507836342
   0.8193890452   0.0438546799  -0.5257943869
   0.9439370632   0.6700435877   0.2732857168
  -0.9586281776  -0.8548304439   0.5968875289
  -0.0106465900  -2.5296015739   0.6732091904
   3.0828990936  -0.9464982748  -0.9975414276
   1.9952520132  -1.6821216345  -2.1682913303
   1.8667954206  -1.4507602453   1.0047786236
   3.4432199001   3.2634088993   0.1417342126
  -1.9018223286   2.2420518398  -3.2859158516
  -0.5768859982  -1.2136421204  -2.8089125156
  -1.4125730991   1.9565480947   1.0780206919
  -0.3810650706  -0.2852075696  -0.4179712236
  -0.8379690647  -2.1615788937   2.4923088551
  -0.6385317445   3.3990488052   1.2135847807
   0.0031805001   3.2197177410   1.9632936716
  -2.1279654503   1.7394247055  -1.4066483974
  -0.8880556226   0.0761674494   1.5280231237
  -2.8929951191  -1.8446391821  -1.0590941906
  -1.3161661625  -0.1780747622   2.6624751091
  -0.8500802517   1.2457212210   0.4142206609
   2.7039489746   3.0380337238  -0.7360020876
  -1.7345625162   3.4483556747  -2.1198678017
   0.8268194795   1.7713650465  -2.2483639717
   3.3619241714   1.0713433027  -1.0315220356
  -0.0560456179   0.1401533782   3.0780405998
  -2.3911023140   3.0348849297  -1.1299840212
  -1.5555555820   1.8638547659   2.1047043800
  -2.2673518658  -2.8735489845  -1.2431505919
  -3.2592709064  -0.2075021118   1.4936223030
  -1.8727383614   0.8620430231  -1.9879022837
   1.9525539875   1.9939721823   1.7382423878
   3.1264238358  -2.0919971466  -1.9446625710
   1.8926243782   0.0768407360  -0.0812807381
   1.4184200764  -2.7795741558  -0.5967366695
   2.6778523922   2.9787006378   1.3989109993
   3.1737630367  -1.9492388964  -0.3408741057
   1.4123073816   1.1323601007   1.1304235458
   2.7530186176  -0.0566863380  -0.5892705321
   1.1344494820   2.8344955444  -0.0781510025
  -1.9823387861   2.6943056583   1.5272361040
   2.5482156277   2.7367038727   0.3764616847
  -1.9596523046   0.2880474627  -1.0044529438
  -1.2407896519   2.5302395821  -2.3625288010
   3.0991358757   2.0926935673  -0.6432349682
  -1.4578340054   1.9241086245  -0.4083442986
  -2.5344710350   1.7934924364   1.3399367332
   1.3237659931   1.8227396011   2.9371879101
   3.2470366955   1.8982088566   0.3288489580
  -1.4469857216  -1.6403300762   0.0549943410
   0.1096775383   1.8491737843  -1.2002023458
   1.7799321413  -2.8762052059   1.6006035805
   1.5811660290  -0.4590649009   2.0864949226
  -0.9758142829   0.9179399610  -0.7809140086
   2.1088030338  -2.0043723583  -0.9484454393
  -1.6706370115  -3.2982215881   1.8986233473
  -1.8357990980  -1.9759080410  -1.0455434322
   1.4219170809   2.9851393700   3.1738061905
   1.2887631655  -1.1476403475   3.0990710258
  -3.1765699387   3.4506411552  -2.3681361675
  -2.4916369915  -3.1723842621   0.9585627913
  -2.4406616688  -3.3188180923  -0.2665590942
   0.6465257406   3.2203512192  -3.1296176910
   1.4213069677  -2.6673474312  -2.3741626740
   0.9184638858  -1.0068057775  -0.6060022712
   1.2669357061   3.2303946018  -2.1961681843
  -0.8634352088   2.5887868404   2.2113802433
   1.2027744055  -1.2475656271  -2.7528700829
   1.8429811001   0.2297834158   0.9191673398
  -1.5115236044   3.1301932335   0.6984229684
   2.8959684372  -0.0921488479   0.5386503935
  -3.4062266350  -3.4397759438   1.4266928434
   2.5425512791  -0.0622236170   3.0300247669
   2.5155899525   0.6336005330  -1.3847155571
  -0.5602460504  -0.8311819434   2.5566692352
   1.3841394186  -0.7342758775   0.3242146969
  -1.7880243063  -1.0601606369  -2.9611537457
  -1.5779222250   0.6673692465   2.0693724155
  -3.0039143562   2.6361165047   0.7481856942
   1.0920455456   2.5218524933   1.8546580076
  -1.3507571220   2.4325780869  -1.3325234652
   0.9251335263   3.4402296543  -1.0284475088
   1.0929666758   0.4841272831   2.0965163708
   2.1944515705  -3.3596770763   3.2399115562
   0.0906851515   0.8759748936  -0.5777407289
  -0.5392803550   0.2475401461  -2.5306811333
  -2.6261730194   1.7171021700  -0.3157044649
  -0.0359009393   0.0422569998   0.6597182155
   0.9920773506  -2.1335778236   3.3462920189
   0.1363772750   3.2452921867   2.9565343857
   3.0751872063  -1.1900357008   1.1631518602
   0.0459284969   1.0812889338  -3.4395892620
   2.8050158024   1.8868933916  -1.7403215170
   0.6817726493  -0.5656714439   2.5169496536
   0.4355702698   2.2678611279  -3.4324207306
  -0.8475076556   1.1783957481   1.4622445107
   1.2568290234   1.7805610895   0.0113350321
  -2.7490577698  -2.8635671139   3.4012446404
   2.0764198303   0.8171424866   2.2278385162
  -0.8354340196   2.3721890450   0.3734707236
  -1.6485517025   3.0635287762  -0.3678172827
  -1.5049378872   1.3163800240  -2.9167246819
  -2.2825984955  -0.2725179493   2.9305717945
   0.2910432220  -1.4076251984   1.6267851591
  -0.3415357172   2.2661538124   1.3945697546
   1.7181609869  -0.3163049817  -3.4183664322
   1.0912324190  -3.1529905796   2.6573596001
  -3.3958411217   1.1473046541   0.9499011040
   1.9473361969   0.8405647278   3.3341851234
  -3.3679263592   0.9249375463  -2.0041241646
  -1.8518160582   2.9135863781   2.5234501362
   0.2750777900  -2.4181771278   1.6397376060
  -2.3785681725  -2.9316971302  -2.6485316753
   0.8608015776   1.4729933739   2.1155529022
   3.0101151466   2.7051517963   2.5355572701
  -0.8826661110   2.9347572327   3.2213394642
   2.8235244751   2.7645938396  -3.2959403992
  -0.6304262877  -3.2539331913  -3.1961162090
   3.2717726231   0.6161871552   1.8597947359
  -1.0427991152  -2.4318330288  -1.7349152565
   2.7757613659  -3.1380445957   1.9803966284
  -0.5832715631   2.7432501316  -0.6861023307
