            256
     6.98864412
   2.8546288013  -3.3676834106  -1.7118997574
  -2.3368587494   0.1662554294   1.1502820253
   0.7037078738   3.2065196037  -0.7303329110
  -3.1140189171   1.3850064278  -0.9067542553
  -0.9122262597  -2.1856007576  -0.4448784590
   1.2575219870  -2.7903013229   3.1795635223
   2.0318028927  -0.1935209185  -3.1523389816
   0.5502965450  -1.6939322948  -2.5816161633
  -0.2725110650   1.5212955475  -2.1779530048
  -3.1325681210  -1.6060544252   1.2604886293
  -1.6532384157  -0.2157902420   0.4571220875
   0.3515648842   3.0254800320  -1.7938169241
  -0.4469663501  -1.1146425009  -2.9091243744
  -1.4650348425   3.3981668949   3.2379310131
  -2.6170899868  -0.7965499759   2.6840798855
   2.5029065609  -3.0093953609   2.1581974030
  -2.0120139122   2.8796482086   1.1539396048
   2.8214862347  -0.9563708305   3.4376320839
  -1.2717435360   1.6059994698  -0.5279929638
  -1.5101253986   2.4065163136   0.2821017504
   1.3188283443  -0.5519860983  -0.5489047766
  -2.7277512550  -2.4380257130  -0.9983785152
   2.4845650196  -0.4581592083   2.2127819061
  -3.3674702644   1.4799593687   2.6956539154
   0.6240730286  -1.2243437767  -0.0655765459
   2.3308591843  -2.4259798527  -2.0837574005
  -1.3735154867   1.6822625399  -2.7201902866
   2.2477040291  -0.2034338266  -1.5517609119
   1.3991152048  -2.1793980598  -1.8036423922
   0.2030618042  -2.5843517780   2.8327913284
   1.7973482609  -1.8179379702   3.2997031212
   1.7349241972  -3.4628334045  -0.2768544555
  -3.0694606304  -1.5393482447   3.3362131119
  -1.3103318214   0.1396292895  -1.3943886757
   1.6082700491  -3.3777914047  -1.3887370825
  -0.5188099146  -0.6056864858   1.8243795633
   1.2955098152   1.7499169111   1.1956373453
  -0.3363470733   1.1786733866  -0.3926366568
  -2.1445538998   0.1134658828   2.2052040100
  -1.6358597279  -0.6769351363   2.8896241188
  -1.4252463579   0.8190371394   2.1063773632
  -2.8200366497   1.1040995121   3.4528505802
   1.7832895517   1.5820394754  -2.0353357792
  -2.2696988583  -1.7812666893  -2.9693076611
   2.4121680260   0.2106882781   2.9605586529
   2.0121297836   1.5322464705  -0.8461390138
  -3.2041785717   2.1104359627  -2.4224104881
   1.8940455914  -0.3555853069   1.1343934536
   3.0292804241  -3.2280139923  -2.7763047218
   0.2268105894   0.3202322423   2.2976055145
   3.2360146046   2.5466544628   2.3960053921
  -2.8155126572  -2.1852293015   2.1390182972
   0.4822148085   0.7773263454  -2.8763344288
  -1.2431178093  -1.6339244843  -2.2653350830
  -2.2184419632  -2.5089597702  -1.9716191292
   0.5418442488   0.4298367202  -0.7249300480
   0.0891626477   2.5202271938   3.1651964188
  -3.2221641541   0.4384631515   2.3927035332
   2.1385834217   2.9761161804   2.2153697014
  -2.8993892670   3.4843406677  -1.8678143024
  -3.1131508350  -3.3884444237   2.3061437607
   2.2300128937   2.0425233841  -3.3904907703
  -2.2135813236   2.4530994892  -2.4667329788
  -1.2629441023   1.3153642416  -1.6582159996
  -3.3588140011  -3.3575067520  -0.8189194798
   2.8324527740  -1.0803301334   1.3949930668
   0.7294347286  -0.5749131441   1.0247892141
  -0.1792678088  -1.7287886143   0.3425750434
   1.1654030085   0.2545166612   3.2006146908
   2.3528232574   2.6948943138  -0.5745059252
  -0.3575466871  -1.7650427818   2.6640162468
  -0.5156162977  -2.8002545834  -3.4645180702
   0.5683322549  -2.0033478737  -1.2716895342
   1.8761576414  -2.4740836620  -0.8490869403
   3.2820191383   0.2378044575   1.5099068880
   2.0162663460  -1.2472053766  -0.9614677429
   0.3839328885  -3.0683591366   1.8406833410
  -2.9723994732   3.2414629459   1.2953230143
  -3.4432299137  -3.2439444065   3.2504947186
  -2.2197639942  -0.1848543137  -2.0619189739
  -1.9157069921   1.0753692389   1.1631946564
  -3.2113673687  -1.4726109505  -1.3705220222
   0.3361052275  -2.6540277004  -2.9365437031
  -0.2530800998   2.8899595737  -0.1125835627
  -3.4918243885  -1.4760178328   2.3605237007
   1.2951784134  -0.1770339012  -1.9588952065
   2.7280406952  -1.6660709381  -1.5444102287
  -0.4221974313   0.8887240887   0.6500474215
  -0.7602201700   0.1724534184  -0.5295265317
  -1.4286242723  -0.1643026918   1.4378855228
   2.6074531078  -2.6623861790   0.2297759503
   2.4796814919  -1.9377404451   0.9803369641
  -1.2896652222  -1.3241519928   0.1974671632
   1.3835180998  -3.4037187099   0.7386097908
   1.8787226677   1.0958081484   0.3509598970
  -3.2415735722  -0.1443655640  -2.0660650730
  -2.8478095531  -0.5275095701  -1.0576990843
   3.1222453117   0.1589355767  -1.1376010180
   0.6622002125   1.1262887716   0.0831293985
   1.0274022818   1.3158538342  -0.8685908318
   1.6967679262   2.8591301441   3.2906522751
  -1.7784737349  -2.8693768978  -1.1395473480
   1.3589515686  -1.1644868851  -2.2525796890
   2.3255684376  -0.0642837435   0.0626631826
   2.6781709194   2.1986358166  -2.3657979965
  -3.3143858910   3.1123089790   0.2442781776
  -1.8479933739   0.7034472227  -2.3909316063
   2.7660346031   1.0047568083   2.2911121845
   3.3578629494   0.4046030045   3.4628880024
  -0.2748850882  -1.5805220604  -1.9801753759
   3.3116087914  -2.2727639675  -2.9267783165
   3.1186006069   2.0402898788  -0.6964933276
  -1.7884443998  -1.6291137934   1.9628998041
  -2.0754451752  -1.5672981739  -0.8942266703
  -2.0131077766   3.1059532166  -1.4055570364
  -2.9874820709   0.8880744576   0.3101165593
   0.1581907272  -0.3063490093  -0.1022696346
  -0.8461201191  -2.2749733925  -1.5307390690
   2.8206472397  -0.7090611458  -2.2328150272
   1.6373367310   0.5523857474  -1.1144590378
   3.3041660786  -2.6389806271   1.6553002596
   2.6118905544  -1.8599081039   2.0349969864
   0.9101790190   1.8688590527  -2.4438402653
   0.6518974900  -0.6179162860  -2.7260909081
   1.5789572001  -2.5812017918  -2.8162565231
   3.1662950516  -1.3624266386  -0.0324162841
  -1.6183964014   1.9097694159   1.6737853289
   1.9299892187   1.9375659227   2.3551118374
  -2.2738699913   0.0562626757   3.3293261528
   2.1784818172  -3.1709818840  -3.4623410702
  -2.2762956619  -2.2441599369   2.9837889671
   2.9571790695   2.8724935055   3.3244361877
  -2.1259937286   1.8073679209  -1.2540062666
   0.4696463943   1.0998119116   3.1167531013
  -1.1543569565  -2.4014854431   2.4141993523
   0.6419975758   0.6867246032  -1.7660959959
   0.3118379712   1.8154180050   0.7180476189
  -0.5539343953   0.4458597302   1.6300634146
   0.4869408607  -2.8126742840   0.5093099475
   2.3230435848  -0.9999422431   0.4171422422
   2.0311055183  -3.3578674793  -2.3687226772
   1.5760155916  -3.2247889042   1.7330076694
  -2.2064750195  -3.4176342487  -0.0580131970
  -0.4215463400   1.6718477011  -3.1996703148
  -0.8766665459   0.7783941031  -2.7102601528
  -2.0850903988  -0.7474511862  -0.2926924229
  -0.8250581622  -0.8275294900  -0.5688185096
  -0.6349821687  -0.7799211740   2.9615271091
  -0.2483429611  -2.3528640270   1.3476771116
   0.9254251122   3.3986709118   2.5405957699
  -0.2845559120   2.3984436989  -1.0625919104
   2.0760805607   1.1359263659   1.3511993885
  -1.9765801430  -2.4370322227   0.0837524608
  -0.4519900680  -0.0094577922  -3.2969732285
  -0.6146462560   2.4955656528   0.9171634912
   2.6698715687   3.2829101086   0.2030628771
  -0.7048730254  -3.1510829926  -2.5175004005
  -2.5148723125   0.1602738649  -0.4035234153
  -2.8350572586  -1.7933380604  -0.1988743544
  -1.2686139345  -0.1598315984  -2.4725501537
   3.4755020142   2.4882690907  -1.5254486799
  -0.3233491182   1.8747481108   2.0366520882
  -2.3504481316   2.4137308598  -0.3419624865
  -2.0735995770  -1.3252764940   0.9193466306
  -0.8926603198  -3.4475898743  -1.3722842932
   0.6012810469   2.8007123470   0.4384041131
  -3.2777442932  -1.1803612709  -2.4350800514
   1.3127778769   0.1166745573   0.2574513257
   1.3736331463   2.4328238964  -1.0607005358
  -2.2315404415   1.6680216789   2.4404454231
  -3.0072011948  -0.6097313166   1.1175868511
   0.0349270701   2.8905222416   1.6068077087
  -3.1660830975  -0.5745533109  -0.0651942790
   0.5373710394   3.3755447865  -3.4106917381
  -0.9014104009   2.7652475834   2.1179187298
   1.4436260462   2.7781908512   1.3435182571
  -2.2333416939   1.4372187853  -0.1170034036
  -3.0538172722   2.4845802784   3.1155693531
   3.4900360107   1.7432546616   0.4953873456
   0.1891449243  -2.8452765942  -1.9350175858
  -1.3767262697   0.8555955291   0.2655817866
   1.7279100418   1.1086708307   2.9595599174
   2.8695085049   0.8833787441   0.5289692283
  -2.2522764206  -2.8433892727   1.5058870316
   1.8237010241   0.8713948131  -2.8153424263
   1.1460330486   1.9332768917   3.2423961163
   1.6365122795  -1.9318372011   0.3712051809
  -2.2104227543   0.7041543126  -1.2591023445
   0.9592373967  -2.7186672688  -0.4652009606
  -0.3563457727  -3.4341464043   2.5845887661
   3.0511703491  -0.8650313616  -0.9666766524
  -0.4007647932   0.5921702385  -1.8244941235
   1.6715946198  -1.0538293123   1.9889464378
   2.6218087673  -3.2285346985  -0.6845088005
  -2.4126667976   2.7732813358   2.2491111755
  -3.3654327393  -2.5820107460   0.4018679261
   1.4087436199   2.7056698799  -2.7118189335
  -3.1900088787   3.0994458199  -2.8454058170
   0.3383265436  -1.0352580547  -1.3811014891
   0.9896040559  -3.3116879463  -2.3455936909
  -2.4165549278  -3.2247083187   3.2005817890
   0.5502219796  -1.4448454380   3.3272597790
   2.6919193268   1.9337581396   1.6061557531
  -2.4088163376   1.9401876926   0.9378044605
   3.1400973797  -0.3272129297   0.6266787648
  -1.2595261335  -2.3152258396   0.9301550984
   3.1862118244   0.7860919833  -2.1447460651
   2.8003401756   1.4636052847  -1.5040606260
   0.3349177837  -0.4507305920   3.0984146595
   0.8231247067  -0.5088244677   2.1512253284
  -3.0648968220  -0.5458306670  -3.3915002346
  -0.5023475289   1.1368283033   2.8046534061
   2.1422393322   2.3744106293   0.6970664263
  -3.1402773857   1.1551495790   1.3823776245
  -1.0800281763   2.2295279503   2.9727077484
  -0.0959649086  -3.0453245640  -0.3379211724
   1.4039052725  -0.8324839473   3.3903191090
   2.8578495979  -2.4136540890   2.8922505379
  -1.2537816763   3.0212194920  -0.4821887314
  -1.0866048336  -0.8957847953  -1.5676025152
   3.1256010532   2.7212362289   1.0828361511
  -0.9737573862  -1.3746849298   1.3573601246
   1.6333311796  -2.1832108498   1.5537142754
  -2.7957186699  -2.9391136169  -2.8927125931
   3.1079182625  -2.3296046257  -0.6811462641
  -0.3479205072  -0.3821529150  -2.1127288342
  -1.6924629211  -0.9432590008  -2.9377913475
   0.9042981863   0.7495768070   1.2581400871
  -0.7634189725   2.8863933086  -3.2243683338
  -0.6301356554  -0.3831557631   0.5315749049
   1.4662126303   2.0715963840  -0.0198347196
  -2.3281011581  -1.4969936609  -1.9646431208
   0.7696761489   1.4203224182   2.0946104527
  -1.2043482065  -3.4757220745   1.4506185055
  -1.1834787130  -3.0707743168   0.1654390097
  -1.3536454439   0.5945914388   3.3800659180
   3.4254803658  -0.4552769065   2.7047691345
   0.2790932357  -1.2140400410   1.6920940876
  -0.1895947754   3.4939239025   0.7929496765
   2.4207575321  -1.5618681908  -2.7992372513
   0.9545634985  -1.8872618675   2.4740002155
   3.1172771454   1.5141371489  -2.9806389809
   1.6740989685   0.5704754591   2.1066007614
  -2.8385777473   1.1411905289  -2.4549691677
  -3.0321111679   2.0769634247   1.7715089321
   0.6975386143  -1.7082319260   0.8630654216
  -1.9243335724   3.4348289967  -2.7329735756
  -0.6501603127   2.4390008450  -2.0354099274
  -2.1487262249   1.8620170355  -3.4676060677
  -1.4514127970  -1.6385530233   3.1719541550
   2.2483429909   2.8211321831  -1.6979990005
   0.1363901794   2.6864588261  -2.7309556007
   0.7308046818   2.4043476582   2.3114972115
  -3.4401836395  -2.4100279808  -1.7204520702
   2.4895405769  -3.3299374580   1.1719459295
  -1.6032756567  -2.5822384357  -2.9992918968
