            256
     6.98864412
   2.9509515762  -2.7386896610  -3.0905616283
  -2.1340975761  -2.1492059231   0.3660864532
  -1.4937020540  -1.9871183634  -2.5545821190
  -2.2643008232  -2.5751466751  -1.5614608526
   0.3691550791   2.9055180550   3.1782720089
  -0.0282509606  -2.3658437729  -2.5317616463
   0.2789173722   3.3002161980  -2.8081820011
  -0.7007420659  -2.9135017395  -3.2111666203
  -0.0479802564   2.1434674263  -0.2077536434
   1.5844991207  -2.6947839260  -1.6405203342
   0.3452860117  -1.0696268082  -2.2322309017
   1.6696748734  -0.6410923600  -1.9029459953
   1.9865996838  -2.6148469448  -2.6683199406
   1.2453347445   3.2381384373  -2.3792889118
  -2.7385971546  -0.9002815485   2.3859426975
   1.2423888445   2.2195901871  -1.9776774645
  -3.4197227955  -1.1072499752   3.3394839764
   3.2394959927  -1.4998999834  -1.9588123560
  -1.0391407013  -0.7349214554  -2.0547688007
  -2.9600229263  -0.7715496421  -2.7418367863
  -2.4585452080  -1.5892415047  -2.0285410881
  -1.1281192303  -0.6105859280  -1.0467647314
  -2.3269407749   0.4159280360  -2.7720649242
  -0.5745544434  -1.1775093079  -2.8239459991
   1.6899250746  -1.9169369936  -3.3604202271
   1.9354014397   0.2184273303  -1.3697584867
   0.3135389388  -0.7063391209  -3.3723096848
   0.9420167804  -0.0830680206  -2.6941776276
   1.5442687273  -1.2679635286  -1.0302016735
   1.6724990606  -0.1832807064   2.9135379791
   2.7367434502  -2.3347511292   2.9846911430
  -1.9533827305  -3.2392647266  -2.8524329662
  -2.4473824501   1.4323898554  -2.7375621796
   2.5221471786   0.5756396055   2.0749504566
  -1.3222292662   0.5950429440   3.0401234627
  -2.0648670197  -0.4896654487  -1.7183872461
  -3.0693387985  -0.1138195992   3.2020170689
  -0.3687743843   0.3254512548  -1.5150935650
  -1.3155461550   0.8050079346  -2.8276884556
   0.1755779684  -1.7436158657  -3.4025826454
  -1.5792926550  -1.3586449623   2.8266754150
   0.5334100723   1.7538200617  -2.7933878899
   0.3807613850   1.7948812246   3.0952200890
   0.8853015304   0.8647120595   3.2801678181
   2.5443615913   1.3022249937   3.1299581528
   2.6551196575   2.1399707794  -1.0495558977
   3.2565464973  -3.2228424549  -1.9320462942
  -1.8168151379  -0.8966677785  -3.0839815140
  -0.8222166896   3.3241989613   3.0098445415
   2.6357300282   2.1870005131  -3.1554510593
  -3.4146256447  -2.1073815823  -1.1636524200
  -1.0316017866   2.5690095425  -0.4600843489
  -1.5285040140   2.8433358669  -2.0362961292
  -1.3685319424  -2.9592638016  -2.0120368004
   1.1937433481  -1.8928688765  -2.4033889771
  -0.5492392182   1.2561678886  -1.9340083599
  -0.2686468363   0.8008396029  -3.1236548424
  -1.5741943121   2.1769177914  -2.7974195480
   3.0969707966   3.2529723644  -3.3334016800
   1.2385311127  -3.4396367073   3.4448621273
  -3.3251502514  -2.8235459328   2.7155003548
   1.6370785236   2.4412255287  -3.0377957821
  -3.1489250660   3.1785774231   2.7771506310
   2.5797178745   2.4250609875  -2.1770641804
   2.6631307602  -3.4476025105   0.1798398197
  -2.1930494308  -3.1448214054   0.4817230701
  -1.3911926746  -2.0400784016  -1.5459769964
  -1.5228319168  -2.8951089382  -0.9449682832
  -0.5793882012  -2.4933981895  -1.0012874603
  -1.0960654020  -2.3813717365  -0.1021225452
   1.4318352938  -2.0554058552   0.7287795544
  -1.9590432644   2.8952033520  -1.0210733414
   1.0068020821  -2.8342628479  -2.7284245491
  -0.9338675737  -2.3863997459   0.9610687494
   2.2120909691  -1.5351861715  -2.0416572094
   0.6811336875  -2.2145509720  -1.5511583090
   1.6395288706  -3.2598431110   0.7102017403
   0.9845365882  -1.3839355707   0.1056807712
  -3.0940096378  -1.8038511276  -2.8427026272
  -2.7995481491  -2.5792822838  -0.3938812912
   2.3554978371  -2.3124318123  -1.1221537590
   1.5722482204  -0.4789105356  -0.3844827414
  -1.6793442965  -0.9378284812  -0.1858288795
  -2.5453181267  -0.4633436501  -0.7840733528
   2.8610396385  -0.9763618708  -0.1574209332
  -2.8792998791   0.4867290854  -1.1221222878
   0.9664760828   0.9553389549  -1.4004954100
   0.3550658822  -0.1584800929  -0.2748175263
   1.3361806870  -1.2269740105   1.3475035429
  -0.4276182950  -1.6465101242  -1.8145760298
   0.2083861828  -1.3088313341  -0.5534065962
   0.3690523803  -0.8514448404   2.0202345848
   3.0008888245  -0.7148439884  -2.6255505085
   1.5779405832  -2.3297460079  -0.3248002231
   3.1230747700   0.8762476444  -1.7829767466
  -3.2310080528  -0.7385139465  -1.5102852583
  -1.5111781359   1.8256899118   3.0915985107
   2.0091943741   1.3040797710  -1.6670843363
   0.4070069790   0.8357653618  -2.3646521568
  -2.3166370392   0.5523310900   2.3535208702
  -0.1761481017  -0.6951879263  -1.4335013628
  -1.7807888985   1.5011875629  -0.9307684898
   0.7785410285  -0.1198667884  -1.4040526152
  -2.6081275940   0.0699371248   1.3424866199
   0.5327865481   1.9552445412  -1.1650210619
   0.9675630927   2.9480104446  -1.3049621582
   1.4122149944   0.8370385170  -2.4393179417
   1.7445306778  -0.5360117555   0.7211729884
   2.4271912575   0.1953346878  -2.7069263458
   3.2392466068   0.1062935293  -0.7940750718
  -3.4055051804   0.1075138077  -2.4708659649
  -3.4173252583  -0.2661380172   0.3412970006
   3.2577521801   0.9823645353   0.1189592853
  -2.1979753971   2.1128036976  -1.6136221886
  -2.5513567924   2.3640804291   3.0813703537
  -2.7857601643   1.3849328756   0.2752073109
  -1.4105974436   0.6481950879  -1.5609771013
  -0.6590728164   2.8646299839  -2.7230246067
  -0.5942189097   1.8270747662  -1.0199542046
   1.5704869032   2.0000336170  -1.0066094398
  -1.6590640545   2.2793276310   0.8813485503
  -1.4267610312   3.3778893948   0.0166088492
   0.1675273776   3.0197699070  -0.6464655399
   2.4960558414   1.1110683680  -0.7963708043
   1.4251042604   1.8289896250   3.1153867245
   3.0109918118   3.4909322262  -0.8053932190
   3.2693772316   1.5060223341  -2.7439684868
  -3.4445648193   1.8442614079  -1.6790145636
  -3.2379524708   2.8441379070  -1.7126990557
  -0.3166007400  -1.3578498363   2.7751173973
  -2.5676150322   3.3865227699   1.3492981195
   3.4096817970   3.0678925514   1.6519508362
  -2.0922119617  -1.6771528721  -0.7375596166
  -1.5436407328   3.3491709232   1.0708060265
  -0.7832434773  -1.4674422741  -0.6328042746
   0.2022906989  -1.8460069895   1.3200484514
   0.3389170766  -2.3522467613   0.2289122492
  -0.2306440473  -3.1072416306  -0.1506527960
   0.9927832484  -2.9213638306   2.1648004055
   2.3576712608  -1.6495453119   0.4310257137
   1.0672403574  -3.0281064510  -0.8373168707
   1.5056028366   0.0360264257   1.7598119974
   1.9097627401   2.6498880386   0.7584616542
   2.7337293625  -3.3237502575   2.5628147125
  -0.3612873256  -1.6849455833   0.4993225634
  -1.2321004868   2.4997551441   2.0139799118
  -2.5909368992   0.3025311232   0.3645386100
  -0.9254258871  -2.2276411057   2.9511113167
  -2.1599423885  -2.1096796989   1.3851044178
  -1.4066220522  -1.4640634060   0.6690341234
  -1.0828866959   1.5355031490   0.0535457879
  -0.4412452579  -0.5406125784   0.2455113381
   1.3075916767   0.5779345632  -0.5300063491
  -3.4602074623   0.7457950115   2.4473216534
   0.6473823190   0.5309486389   0.4342766702
   1.4281507730  -2.0281274319   2.6173601151
   3.1697065830  -2.1668717861  -0.1441843361
   2.7160503864  -0.5635926127   2.4932193756
  -3.1272206306  -1.4366685152  -0.2250507176
   2.6347193718   0.2466765493   3.2978305817
  -3.3444373608   0.6992982030   1.0810528994
  -2.6919529438   2.4044852257   1.2040188313
  -1.8405029774   0.3229864240  -0.5165798068
  -1.0908212662   0.4099755287   1.6260366440
  -0.8829624057   0.4743032753  -0.2635578811
  -0.0629393235   0.6089805365   2.4836974144
  -0.5939132571   3.1711862087   0.5470705032
  -1.6601464748  -0.2576319873   0.6418436766
   0.2385281473   1.0088871717  -0.5583572388
   0.9950582385   3.2801020145   1.4042114019
   2.5013904572  -0.9311679602  -1.2677547932
   0.9619743824   0.8385463357   1.3637484312
   2.2449619770   0.2560059726  -0.2751958370
   0.7911121845  -3.4558963776   0.1853822023
  -3.3264763355   1.8405338526  -0.6239373088
  -2.3368644714   1.2433151007   1.4615330696
  -2.0369920731   2.5069906712  -0.0368314087
  -2.8091800213  -2.8864908218  -2.4081292152
  -3.2536213398   3.0750892162   0.2597431839
  -1.3102573156   1.5522873402   1.5628316402
  -2.7925214767  -1.1572797298   1.0097180605
  -0.6594381928   2.2354190350   0.9130498767
  -0.8526396155   3.3685922623  -1.1481479406
   0.0257182047   3.2094867229   1.8076449633
   1.7372384071   0.8986296654   0.6474365592
   0.6791576147   2.4405319691   0.6190238595
   1.3737571239   2.8203971386  -0.2802167833
   1.5936737061   1.8418301344   0.0525165945
   1.9517009258   3.3352682590  -1.6673727036
  -3.0363416672  -2.5577793121   0.6425389647
   2.8721606731   2.4096064568   0.0038312054
   2.2051060200   2.4118535519   1.7683815956
  -1.5260701180  -2.5437009335   2.0792119503
  -2.7328815460  -2.9796900749  -3.4422774315
  -0.9494602680  -3.4847774506   1.9647362232
  -3.1609442234  -2.0077354908   1.7410658598
  -0.2668749690  -2.9186437130   2.4938206673
  -2.6129691601  -1.8793103695   2.6950433254
   0.4535891116  -0.4725915492   0.6896606684
  -0.0548754781   2.2117829323  -1.9351482391
  -0.0307672303  -2.9296193123   1.2160910368
   2.0866608620  -0.8443940878  -3.1581592560
   2.6323881149   0.5332061052   0.9722015262
   1.9781459570  -3.4200646877  -0.6944072843
   2.2722389698  -1.5230402946   1.6341305971
   2.2157113552   2.6668362617   3.0308802128
   2.7772152424  -2.3822660446   1.8251967430
   2.2087535858   3.3862426281  -2.8759348392
   2.7197976112  -0.7508899570   0.8398197293
  -1.7105486393  -0.3001583219   2.1593844891
  -1.2530287504  -1.1749405861   1.8856155872
  -2.0428113937   3.3052115440   3.0818765163
  -2.3309862614  -2.8443672657   2.5930664539
  -0.5986188650  -2.0401005745   1.9623219967
   0.5534103513  -0.1772349924   2.7645058632
   0.4122219682  -2.7389197350   3.3856263161
  -0.3577697575  -0.7870532274   1.2343758345
   2.7392492294  -1.6481994390  -2.9027895927
  -0.4915129244   0.6121849418   0.6879431009
  -0.4730153978  -0.1517989784  -2.7858419418
   2.9610559940  -3.0203108788   1.0735820532
   0.7345380783   1.3844735622   2.2525420189
   2.2854394913  -1.3936692476   2.8666143417
  -1.8938004971  -2.2566487789  -3.4700584412
  -3.4273927212  -0.5283606648   1.5840034485
  -3.2077910900   0.8557509780  -3.3141524792
  -2.9509055614   2.8488156796  -0.7008706927
   3.2121875286  -1.8728370667   0.9509990215
  -1.7109202147   0.8118438125   0.3579337001
  -1.9748680592  -0.1792707443   3.1658554077
  -0.2624328732   1.0806769133   1.6098935604
  -0.5521365404  -0.5001253486   2.1913187504
   0.9662691355  -1.1729791164   2.9146089554
   0.2663955092   1.4392607212   0.7070834041
  -0.5545963049   1.3209216595   3.0496406555
  -0.9218508005  -0.6426014304   3.1812653542
   0.6319382191   2.2730529308   1.7530208826
   0.2154697180   0.0395626314   1.5225802660
   1.8123353720   1.4947471619   2.0522780418
   3.2902095318  -1.5065078735   2.4267756939
   2.8346772194   1.6909165382   2.2095446587
  -2.8377749920   1.7145608664   2.2097873688
   3.3234689236   1.9182637930   1.3215292692
  -2.4087867737   1.2257226706   3.1468460560
  -2.1229667664   2.9518797398   2.1369025707
   0.3953148127  -2.0671570301   2.5547847748
   0.1704425514  -3.2407331467  -1.4880264997
  -0.2636887729   1.9578629732   2.1099374294
   1.4053783417   2.8767557144   2.3891556263
  -0.4948410392   2.3090698719   3.3535854816
   1.9292520285  -3.3827836514   1.9461823702
   1.8604316711  -2.9060392380   2.8436746597
   2.3840122223   1.6897299290   0.7575798631
   3.4515473843   1.9308739901   3.2159912586
   1.7146277428  -2.4338896275   1.6507661343
  -2.7275145054   2.6120245457  -2.6197075844
