            256
     6.98864412
  -3.4453732967  -2.0058043003  -2.5496416092
  -3.4454808235  -1.5280066729  -0.2846044600
  -0.9576553106  -1.8018652201  -2.4619457722
   2.8307943344  -3.4909033775  -2.0913586617
   0.9321827888  -3.4154360294  -3.1578235626
  -0.0069286549  -1.5716025829  -3.3516726494
   0.5406181812   2.1607372761  -2.3030056953
  -0.4898095727  -2.4029555321   3.1877417564
   0.5384262204   2.9333579540  -0.4838762879
   2.3612015247  -2.7544505596  -1.4762041569
   0.6604316831  -0.2401840389  -1.7769171000
   0.6412063837  -0.9853826165  -0.6025836468
   1.6281759739  -1.9496358633  -2.5390174389
   2.4158952236  -2.6016478539  -2.5163125992
   3.4595344067  -1.1746424437   2.3121199608
   1.2426466942   2.6130080223  -3.1946873665
   2.3191306591  -0.5614143610   1.0279101133
   3.3294064999  -2.2722914219  -1.2791334391
  -2.4161791801  -1.1213009357   0.0821385160
  -2.6672325134  -0.3470266461  -3.3478074074
  -2.1166660786  -1.5544270277  -0.8181027770
  -0.8767105341  -2.0515885353  -1.1139851809
  -2.7176783085   1.1496911049   3.3206059933
  -0.8274935484  -1.4387875795   2.9340553284
   1.9775695801   3.4768378735   3.0935373306
   1.5007678270  -1.0916346312  -1.8353614807
   0.9541730881   0.4607495964  -2.7068891525
   1.7572417259  -0.0507979020  -2.3475341797
   1.5751930475  -2.1200075150  -1.3653883934
   1.8251910210  -0.7210784554   2.3195884228
   1.7831209898  -3.0859832764   2.1996605396
  -1.3951593637   2.4100267887  -2.9039573669
  -3.1648638248   1.0698710680  -2.0901074409
  -2.7908782959  -0.5939112306   1.8937463760
  -1.1415823698   0.4552582502   2.9239270687
  -1.1416394711  -1.0340799093  -1.1793326139
  -2.9209046364  -1.1787693501  -2.7704637051
  -0.8053597212   0.8924222589  -3.0546443462
  -1.8666901588   0.3437733948  -2.9085848331
  -0.2152667195  -0.5613669753   3.4216864109
  -2.5853168964  -1.5465973616   3.2621417046
   0.1344426274   1.0575637817  -2.6288883686
   1.0481835604   1.4808076620  -3.0989766121
   3.2595710754  -0.4468254447  -3.0269129276
   3.1511645317   1.2272913456   3.1721796989
   2.6670486927   1.0040969849  -0.4891648293
   3.0373635292  -3.1359550953  -3.2814311981
  -1.8129593134  -1.3093519211  -3.0977919102
   0.7598490715   2.2422196865   2.5224525928
  -3.3926291466   2.2458693981   3.3264179230
  -1.3908506632  -2.7886273861  -2.7058484554
  -1.9920290709   3.4262549877  -0.2770577669
  -2.8143899441   2.5124642849  -2.6743435860
  -1.9329706430   3.4574811459  -3.1462798119
  -0.3079958856  -2.6191618443  -2.8248589039
   1.5020213127   0.4946134984  -1.4350655079
  -1.4287039042   1.2737141848  -2.3212816715
  -2.2487747669   1.6225475073  -2.8445043564
   3.0177366734  -3.4502768517   2.5828082561
  -0.8905204535   3.2737553120  -3.0434422493
  -2.9309284687  -1.8864151239   1.8999412060
   2.1886074543   1.6359819174   3.2069277763
  -3.0427272320   3.2390077114   3.2714245319
   2.0429699421   1.9906796217  -2.8486516476
   2.4605817795   1.6947853565   0.4239344597
  -2.3351721764  -2.5130448341  -0.2223557085
  -1.2760354280  -1.8134856224  -0.0236900672
  -1.5346057415  -2.9443995953  -1.3150632381
  -0.6414702535  -2.7945854664  -1.8516942263
  -1.8714905977  -2.5743832588   0.6760165095
   2.9996438026  -0.8605818152  -0.8745334148
  -0.6516384482   2.5555140972  -0.4771121740
   0.9298816323  -2.2263662815  -3.2269563675
  -0.7608416080  -2.9988417625  -0.1905817091
   2.9606366158  -1.4092723131  -3.2508363724
   0.7185111046  -2.4872069359  -2.2064344883
   0.6611440778  -3.0577168465   1.6025657654
   0.9448088408  -2.1268932819  -0.4953527749
  -2.7160797119  -2.3290321827  -1.9038043022
  -2.0632956028   3.2432081699  -2.0587809086
  -3.1170177460  -1.3703405857  -1.2538056374
   1.6796717644  -0.3138664067  -0.6240274906
  -2.9819581509  -3.0719685555  -1.2247321606
  -1.0859705210   0.0735477284  -0.4001736045
  -3.4195327759  -2.5964608192  -0.3557103574
  -1.4562044144   0.5512034893  -1.5263640881
   2.4469695091   0.8714430332  -1.4790188074
  -0.1226307303   1.4509307146  -0.7669768333
   1.2360769510  -0.9246298075   0.2843385935
  -0.2858219445  -1.2622747421  -1.8870773315
   0.5825567842  -1.5581183434  -1.4717628956
   0.7754688263  -0.8403069973   3.3445765972
  -2.1328175068  -0.6185761690  -1.7069834471
   2.2401149273  -1.6245036125   0.4337301552
   2.3823561668  -1.5636420250  -1.7764238119
  -2.0017199516  -1.6291713715  -2.0564174652
  -2.8510971069   1.3674157858   2.3370404243
   2.9879250526  -0.6856236458  -2.0015437603
   1.9505964518   1.1411700249  -2.3218827248
  -2.0136711597   0.6695745587   1.8027884960
  -0.4200924039  -1.2319318056  -0.3208902478
  -0.7265795469   1.6090706587   0.2500028908
   0.4284361899   0.3798174262  -1.0107294321
  -3.3096694946  -0.5645471811   0.3096747696
   1.4907814264   2.8483750820  -1.1969903708
   1.3645420074   1.9709690809  -1.6925700903
   3.0235965252   1.4449368715  -2.8317003250
   3.1967127323  -0.1859920025   2.1979584694
   2.0927104950  -0.9939029217  -2.6473252773
  -2.4448137283   0.6582134962  -1.0888531208
  -3.1550221443   0.4014866054  -2.8377249241
   2.5574715137  -0.3207919896  -0.0717402622
   3.1643769741   0.2030137926   1.0745588541
  -2.6879780293   1.7214604616  -0.4325465560
  -2.1086761951   2.0552403927   1.8711438179
  -2.6172826290   0.8916852474   0.8697019219
  -0.4882613719   1.8547160625  -2.6508145332
  -0.6810403466   2.9999182224  -1.9777479172
  -0.1499599516   2.2619779110  -1.4487628937
   1.9669989347   2.0047438145  -0.8047898412
  -1.5337340832   2.4801094532   0.0381882042
  -0.1395811439  -2.2049250603  -0.2965914607
   0.5561410785  -2.9360151291  -1.2380154133
   3.1233315468   0.1532548666  -0.7723243833
   1.6530636549   0.7137308717  -3.4168698788
   3.1490418911  -3.4854412079  -0.6282944083
   2.8970134258   0.3289864659  -2.2184641361
   3.1255254745   1.7441395521  -0.9953334928
   3.0838911533   2.5231676102  -2.8103897572
   0.1082200333  -1.8336228132   2.3852167130
  -2.7227954865   3.0566141605   1.5035556555
   3.3597524166  -3.4784255028   1.3942161798
  -1.9124207497  -0.5084143281  -0.6448518634
  -1.0788824558   2.7979333401   2.1839203835
  -0.1778455228  -1.8658200502   0.6678090096
   0.4056836665  -1.0412867069   0.9081651568
   2.1069011688   2.9065554142   0.6268930435
   1.2182245255  -2.0011827946   0.6733188629
   0.7411671281  -1.0040979385   2.2510294914
   1.6705913544  -1.3555812836  -0.5968428850
   1.6873928308  -3.3417954445  -2.2140302658
   1.0702524185  -0.2506142855   1.5168228149
   2.7471520901  -3.3692967892   0.2863415182
   2.4420087337   3.2343573570   1.7918182611
  -0.5981801748  -1.1653656960   1.3490116596
  -0.4912626147   2.7304499149   3.1362085342
  -3.0335192680  -2.0060203075   0.5050667524
  -1.4854930639  -2.1411182880   3.3372478485
  -1.5514883995  -2.8065176010   1.6483641863
  -1.5127713680  -1.6551282406   0.9475892186
  -0.5746006370  -3.4783151150  -1.0930360556
  -0.1481245011  -0.2136021107   0.5415763855
   2.7613298893   1.9379492998  -1.9070560932
  -2.4423415661  -0.0075290874   2.7032954693
   1.4790706635   1.1210089922   0.6446282268
   1.5620144606  -2.0311892033   2.3003928661
  -3.2554640770   3.1260919571  -1.8448727131
   2.8977115154   0.1647184789   3.1331338882
  -2.3706243038  -0.0123975752   0.1102630869
  -2.4971089363   0.2862468958  -2.0168681145
  -3.1670258045   1.8082982302   1.2299327850
  -3.4852631092   1.5517976284   0.2913361490
  -1.8492958546   1.4835078716  -1.2537536621
  -0.7309573889   0.2968170345   1.2199958563
  -0.4204383194   0.1990505606  -1.6711592674
  -0.1863410026   0.7322793007   1.9429676533
   0.7506686449  -3.1976392269   0.0329489224
  -1.2760604620  -0.6521218419   0.2954031825
   0.0082790498   2.2265424728   0.6292513013
   1.2191685438   3.1166379452   1.3964834213
  -3.0541298389  -0.3270490170  -1.2377754450
   1.7555711269   0.5586547256   1.4803549051
   2.3358304501  -0.1341265738  -1.3576545715
   1.6883970499  -2.8098094463   0.1444202960
  -3.1233620644   0.6819555163  -0.0893976614
  -3.1320087910   2.3944475651   2.1414957047
  -2.4063050747   2.8588762283  -0.9958876967
  -2.2357294559  -2.5349860191   2.5786268711
  -2.7205195427   2.4641523361   0.4780995548
  -1.2322516441   1.5519592762   1.9170027971
  -1.5878092051   0.4282198846   0.6578215957
   0.0826037303   2.9862098694   1.8944442272
   0.3255576491   1.2019792795  -1.6403477192
  -0.6533666253  -3.2739510536   1.9034637213
   1.5808501244   0.8021339178  -0.4107246399
   1.3454583883   2.1384813786   0.3666991293
   2.6475553513   2.8222486973  -1.2834589481
   0.7795781493   1.7383738756  -0.3611733615
   2.3036994934  -2.3543183804  -0.5050927401
  -3.0273683071   3.4887866974   0.0416580066
  -1.9539549351   1.3201614618   0.2008420825
   1.7263532877   1.9440013170   1.3266234398
  -1.0896979570  -3.2255992889   2.8088903427
  -3.0778059959  -2.9846220016  -2.6875743866
  -1.9965248108   3.2573614120   0.8242163658
  -2.7482383251  -2.7846810818   1.3267316818
   0.7028073668  -2.6246819496   2.8471069336
   2.6641969681  -2.5253062248   2.1156141758
  -0.1676418781  -0.4145894945  -0.8552731276
   0.1132765710  -3.3610742092  -2.2753968239
  -0.7172818184   3.0378088951   0.5548958778
   1.9418618679  -0.3436729014  -3.4928898811
   3.4492552280  -1.0873750448   1.2297766209
   2.1517815590  -3.3324055672  -0.6851212382
   3.0378694534  -2.4717915058   0.6791540384
   2.7743463516   2.1251215935   2.0775439739
   2.5133638382  -1.4169900417   2.5515048504
   2.1892058849   3.0540182590  -2.8529376984
  -1.8798823357  -1.2815880775   2.4234919548
  -1.6013755798  -0.6806544065   1.4532910585
  -1.0756103992  -2.0349364281   2.1556203365
  -1.4813361168   1.4949774742   3.1197295189
  -2.0070600510   3.3528130054   2.3485693932
  -0.3246106207  -2.7947490215   1.0544881821
   0.3121787906   0.8075586557   3.3944692612
   0.1357593089   2.8716821671  -3.0098512173
   0.1029439569  -0.4534619749   1.6746402979
   1.9016221762  -2.3993344307   3.4594044685
  -0.2902337611   0.6805287004  -0.0226815753
  -0.2431319952   0.1000124961  -2.8094763756
   2.7694227695   2.4093699455  -0.2491733879
   0.4152601957   0.0672320798   2.4855339527
   1.6484364271  -1.3754110336   3.1997632980
  -3.1624510288  -2.5886867046   3.2415034771
  -2.5562055111  -1.2217528820   1.1059302092
  -2.0383751392   2.5230085850   3.2767870426
  -3.3695433140   2.6078393459  -0.7743507028
   1.6107275486  -1.2433769703   1.3616472483
  -1.2156776190   2.3303329945   1.0863127708
  -1.4691814184  -0.5949862599   3.1694238186
   0.3726200163   0.6740944386   1.0676890612
  -0.7835263014  -0.6305645108   2.3397293091
   0.4587680399  -1.0782262087  -2.5417547226
  -0.2997824550   1.9658689499   1.5447279215
  -0.3212582469   1.5610064268   2.7066631317
  -1.3692816496  -0.5146217942  -2.6230232716
   0.7303404808   1.4510198832   1.5939270258
   0.8689938188   0.0139704691   0.2934741080
   0.2730062604   3.2233140469   0.9136437774
   2.6459045410  -1.6863638163   1.4092297554
   1.9799255133   0.2993014157   2.6829683781
  -3.1400692463   0.5398373008   1.7769659758
   2.8216912746   0.8159132004   2.1589312553
  -2.7335336208   1.9749416113  -1.6940970421
  -2.9931888580  -3.2134568691   2.1993188858
   0.7857421637  -1.9815683365   1.6604697704
  -2.3578960896  -2.2399785519  -2.9349892139
   1.6992228031   1.3032584190   2.3875942230
   1.7485412359   2.4022486210   2.3763566017
   0.2034001499   1.8839792013  -3.4546875954
  -0.0000285991  -3.3873779774   2.7662186623
   0.9851929545   3.3290572166   2.8266022205
   2.3634722233   0.6054773927   0.4661220610
   2.9206438065   2.4957962036   1.0651623011
   1.6251116991  -2.9585170746   1.2017445564
  -1.3065184355   2.2081961632  -1.7704031467
