            256
     6.98864412
   2.5324039459   2.5893115997  -3.2516136169
  -2.5727171898  -1.3856762648  -0.1944642216
   2.8853349686   2.5426070690   0.8167571425
   2.0365810394  -1.2914407253  -1.1870442629
   0.3081190288   3.2702836990  -1.8263382912
  -1.1584253311  -2.6235489845  -3.1604464054
   0.3737465739   1.5883207321  -3.4356062412
   1.0598897934  -1.2744579315  -1.7328783274
  -0.9226951599   1.5613001585  -2.4597442150
   2.1841330528  -3.0010488033  -0.4561065733
   0.2579861879  -2.8406379223  -0.2450970709
   0.4164594114   1.1334857941  -1.5280783176
  -0.2294959426  -2.1422455311  -3.2939167023
   0.4420854151   1.7587831020  -2.4285824299
  -2.3236718178  -2.1319010258   1.8482340574
   2.2085332870   2.7232618332   2.6433558464
   3.3599114418   0.3505454957   1.9491051435
   2.1537849903  -0.8287602663  -2.2452650070
  -1.4993778467  -0.8725568652  -0.4581709206
   2.8789319992   1.4749023914  -3.2956151962
  -0.2785145044  -1.2671995163   0.4126380086
  -2.4960722923  -2.9120173454  -0.2708462179
  -2.9303693771   0.9722379446  -3.0838391781
  -2.6924524307  -3.0502851009   2.3871908188
   0.2700302303  -2.3964147568   2.7164022923
   1.4152754545  -2.3351430893  -0.3583221734
  -0.1906551719  -0.1963126063  -3.0175459385
   1.5320231915  -0.0504184999  -2.1579210758
  -0.0574318804  -0.7689243555  -1.2653318644
   2.1176128387   0.5113899112   1.8025106192
   2.6889688969  -2.7565000057   1.2819789648
  -1.5240677595   2.5365509987  -2.1211860180
  -2.9473779202  -1.0861401558  -3.2625241280
   2.9845299721  -0.7239725590   1.7414790392
  -1.4749469757   1.3259217739   1.8356882334
  -0.5063399076  -1.5517394543  -0.5478207469
  -0.9229825735  -0.6076443195   2.6383948326
  -1.7873228788   1.6480195522  -0.3450723886
  -3.1197037697  -0.6572091579   2.5383260250
  -1.1907275915  -1.6602598429  -2.6469168663
  -3.2635512352  -1.6011834145   2.1203322411
  -1.9589439631   0.7542470098  -2.8234117031
   2.4010181427   2.0674152374  -1.7005614042
  -3.2739312649  -0.0580132902  -2.8633160591
  -3.1518387794   1.9530524015  -3.1892209053
   2.1638083458   0.9817407727  -0.3557788432
  -3.3823044300   3.0590853691  -2.6610219479
  -2.8844251633  -2.0968563557   2.9492940903
   0.4935490787   2.8019361496  -2.9967725277
  -1.1422679424   1.5345346928  -3.4894709587
  -1.8327367306  -2.4507596493   2.8726887703
  -2.4749467373  -2.2263300419  -1.0180771351
  -0.3860624135  -2.6905977726  -2.4615423679
  -3.0711412430  -2.1694493294  -2.6817474365
  -0.4844518304  -1.1446523666  -3.4478623867
   1.3160235882   1.7235461473  -1.0136197805
  -2.2207059860   1.8061316013   3.3518426418
  -2.7022294998   2.5394520760   2.5731561184
   1.9742391109  -2.2797732353   2.2127842903
  -3.3238255978  -3.0055084229  -3.3312885761
   3.1815276146  -2.0470924377   3.3755209446
   1.9142825603   1.2288678885   3.4147503376
  -1.4808555841   2.7424316406  -3.4440217018
   1.4006112814   2.0454325676  -2.3547112942
   3.2280559540   0.8788719177  -0.5611610413
   3.4731328487  -1.1618230343  -0.8593395948
  -0.8315786123  -2.3969807625   0.4376417398
  -1.4657508135   3.0303723812   1.0023728609
  -0.6443602443  -1.6244997978  -1.5600007772
  -3.3064973354   2.9475862980  -0.0189811662
  -2.1230926514  -0.6177278757   0.7004500628
  -0.3759202361  -3.4068470001   0.3353641927
   2.4567937851  -3.4180791378  -2.8659348488
  -1.7788821459  -3.3692212105  -1.2781858444
   2.4973990917  -0.2157012671   2.4777827263
   1.6408588886  -2.5988481045  -2.2534048557
   1.3425616026  -2.7964851856   1.5214641094
   0.6297962666  -1.8915394545   0.0817238986
  -2.6040749550   2.8769104481  -2.0534081459
  -2.1913933754  -2.5115864277  -3.0693352222
  -1.8668943644   0.5312190056   0.7187013030
   0.9759045243  -0.8896969557  -0.3786399364
  -1.1756967306  -3.4610648155  -2.3668212891
  -1.4425560236   0.4182958007  -0.1889104545
  -3.3171772957  -2.1996064186  -0.4535962045
   0.1885740012   0.6741594672  -2.5321235657
   1.8822088242   2.5308933258   0.6403701305
  -1.5972455740  -0.1818284690  -2.0336077213
   0.5215848684  -1.7999225855  -1.0205188990
  -1.2859230042  -2.6049275398  -1.7607580423
   2.2588794231  -2.3234148026   0.4247828722
   2.4229645729  -2.7749607563   3.2402842045
  -2.6507289410  -1.5735369921  -1.8139959574
   0.9019489884  -1.4756977558   0.9853885174
   2.7752411366  -1.3216533661   2.6587188244
  -2.4006686211  -0.6681668162  -2.5125918388
  -2.5996429920   0.0261813160   3.2871377468
   0.4590977430  -0.2164259851  -1.9555891752
  -0.4071117640   0.5890231729   3.1265778542
  -0.0625417978   1.4186680317   1.6544293165
   0.4461339712  -2.1482682228  -1.9620714188
  -0.3904708922   1.6537762880   0.0844632983
   1.0567617416  -0.6696835756  -2.7987320423
   3.3743815422  -0.2070402056  -0.1579813361
   0.7582316995   2.3861725330  -1.5404118299
   2.9120326042   3.4479353428  -1.9538180828
   3.2482388020   2.0670652390   2.8257937431
   2.9045276642   0.4196701050  -3.4644908905
   1.9026249647  -0.9583756328  -3.3910477161
  -0.8602597713   3.4855701923  -0.5832967758
   3.1265761852  -1.6002775431  -2.2415561676
   2.0108110905  -1.3325555325   0.3602821827
  -2.4813866615   0.0619179271   1.5320003033
  -1.8100590706   0.6710318327  -1.1737508774
  -2.2481338978   2.7544243336  -0.2592069507
  -2.3368968964   1.4161545038   0.6565368772
  -1.5507099628  -1.2016619444  -1.8327269554
   0.0865371302   3.0664389133  -0.7721927166
   0.3513042331   0.2214860469  -1.0186607838
   1.9328261614   1.5055177212   2.3738658428
  -2.0857250690   3.1592106819   1.8667577505
   2.3203673363  -1.4866896868   1.3519487381
   1.7113559246   2.6678807735  -1.2488094568
   1.9306458235  -0.1986146122  -0.8657934666
   1.2758280039   0.6284644604  -1.4354065657
   3.4457163811  -3.1419467926   0.4899598360
   2.2110183239   1.1721242666  -2.2647480965
   3.0171303749   1.2607800961   1.6012682915
   3.1606986523   2.1407833099  -2.4050064087
   0.2419323474  -1.2935227156  -2.5617311001
  -2.1742651463  -2.2815506458   0.4931588173
   2.2807660103  -3.4312555790   2.0620040894
  -2.6037793159   0.1159450784  -0.6515251398
  -0.2534100115   2.6769592762   2.9638288021
  -0.1975382417  -1.0134559870   1.9604682922
  -0.1538365930  -0.4975515008  -0.2624603212
   1.5443272591   0.7502431870   0.6238712072
  -0.8860264421  -0.4413394034   1.4468200207
   0.4794990718  -2.6535208225   0.7343880534
   2.7098755836  -1.6433508396  -0.4141277671
   2.8598518372  -2.5238842964  -2.5609791279
   0.9096007347  -0.6308429241   1.8185646534
   2.6111638546   2.9351329803  -0.7222886682
  -3.3843710423   2.9047124386   3.3325848579
  -0.7204242945  -0.6949243546  -2.1412940025
  -0.5614453554   1.6431676149   2.6088099480
  -1.0713429451  -0.4175280929   0.3554731607
  -0.7823644876  -1.6654732227   2.7195575237
  -1.2849179506  -2.8731186390   1.9355337620
  -0.5666377544  -3.0488426685   1.2495489120
  -1.6505351067   1.5423542261  -1.7498663664
  -0.3795301020   0.4242149293   1.4389615059
  -3.4769067764  -2.3763201237  -1.7052638531
  -1.4083557129   0.2802569568   2.2424235344
   0.2652279139   0.7766252160   0.7023965716
   2.4545617104  -3.4364063740   0.5767193437
  -2.2149147987  -3.3981864452   3.2788116932
   1.1638921499   1.0696825981  -2.5110096931
  -2.4519386292   1.5920817852  -2.3891899586
  -1.2912392616  -0.3621916175  -3.2285358906
   2.8570628166   1.6519812346   0.2068617046
  -2.4422230721   0.8548868299   2.3016116619
  -2.3191740513   2.2675397396  -1.3041104078
   1.6778312922  -0.4327065647   1.1573675871
  -0.9847390056  -0.2541284561  -1.2421568632
   1.0955530405   1.3903201818   1.2889910936
   1.4374675751  -3.2215731144  -1.2610118389
   0.6871114373  -0.0367201231   0.2043688595
   1.3539987803  -3.0901625156   0.4691224694
   1.3689409494   3.1015036106   1.6895775795
  -3.2752032280  -0.5506541133  -1.9703452587
   1.7594100237  -0.3624371588   0.1564650238
   2.9208397865  -0.3817830086  -1.1816400290
   1.3783197403   3.0859816074  -0.1416592896
  -1.2040740252   2.5147674084  -0.1894364506
   2.2671031952   1.9294019938   1.3716526031
  -2.8534805775   1.3570255041  -1.3379899263
  -2.5058188438   2.7297048569  -3.1719543934
   2.4031445980   1.9287618399  -0.6890366673
  -1.5575691462   2.1033437252   2.4727206230
  -1.1904985905   1.3091534376   0.8205397129
   1.0435096025   2.1813154221   2.4901032448
   1.4996191263   1.7592380047   0.0956901014
  -1.4481952190  -1.3580465317   0.5477735400
   0.3259242475   1.9260404110  -0.6822055578
   0.5866888762   3.2282326221   0.5762920380
   3.0186972618  -0.8710578084  -3.2987434864
  -0.6913146377   1.2529302835  -0.8122265339
   2.2655191422  -2.3433494568  -1.2570112944
  -2.2804710865  -2.9740662575   1.2756661177
  -2.2788295746  -0.6947207451  -1.2453848124
   1.4914063215   3.3263773918  -3.4072904587
   0.4190883040  -1.2725718021   2.9843802452
  -2.9664871693   3.4150736332  -1.1566617489
  -0.9631779790  -1.9378918409   1.7424042225
  -2.4867513180   3.0614452362   0.7419205308
   0.8354290128  -3.2544937134  -2.6303732395
   2.1700100899  -2.0026886463  -3.1132833958
  -0.3427340090   0.5147193074  -0.0974965245
  -0.6064100266   2.9445061684  -1.5647016764
  -0.4458301961  -3.3436102867   2.5201375484
   0.7407822609  -0.3570714593   3.2854523659
   2.6415967941  -0.0514972396   0.5747810602
  -3.0380723476   2.1615006924   0.5547483563
   3.0568578243  -1.0981281996   0.3699047267
   3.2643742561  -3.1928234100   2.5456755161
   2.7822759151   0.0578958653  -2.2726509571
   2.4873151779   0.5723897219  -1.2871073484
  -1.7025364637  -1.1592215300   1.5022783279
  -0.0149470139  -0.1414883286   2.4645655155
  -2.1436138153  -0.9985803366   2.5116267204
  -1.5291435719   0.6441618204   3.2513115406
  -3.4698722363   3.2748498917   1.5604043007
   0.4660211802   2.2514762878   1.3877043724
  -0.5063245893   1.9249813557  -1.5964789391
   1.7889986038   3.1245000362  -2.2464351654
   1.0878458023   0.4441050887   1.6466573477
   1.2851929665  -3.0549132824   2.8034508228
   0.7603980899   0.9449481368  -0.2202478051
  -0.4925265908   0.5894591808  -1.7204424143
  -3.3097584248   1.7878723145  -0.4338218272
   0.1411959827  -0.5215766430   1.1478596926
   1.2163661718  -1.8593717813  -2.8081815243
   1.4534974098  -2.0709338188   3.1228222847
  -3.2301716805  -1.8870302439   0.8109617829
  -0.4915091693  -3.4525640011  -3.4553132057
   3.4742629528   2.4062173367  -1.3830600977
   1.8683068752  -0.9311007261   2.1577451229
  -0.1843750477   3.0551342964   1.5463327169
   0.5877738595   1.0239344835   2.3431572914
   0.6220592260   2.2423574924   0.3345839679
  -1.6340616941  -1.3014655113   3.3660743237
   2.8133077621   1.0217540264   2.5752344131
  -0.3598070145   2.6074762344   0.6051338315
  -1.8952238560   2.1734137535   1.2996283770
  -2.5197446346   0.3862266839  -2.0627999306
  -3.2507209778   1.1840825081   2.9676895142
   0.0591088496  -2.0994987488   1.5893559456
  -0.7989778519   2.0700862408   1.4611407518
   1.8764290810   0.0984046236  -3.1932432652
   1.0331928730  -1.9597699642   2.0276253223
  -2.7884802818   1.7342306376   1.7739324570
   1.0661423206   0.5844353437   3.3809435368
   3.4617307186   0.4534109235  -1.5874305964
  -1.4157594442   3.1851010323   2.6289844513
   0.3732803166  -3.0808882713   1.8124285936
  -2.5247192383  -2.8003983498  -2.0223264694
   1.4774953127  -0.0073373285   2.6212475300
   3.1360867023   2.3439252377   1.8531192541
  -0.6363074780   2.6130018234  -2.8207278252
   1.4052478075   2.1584053040  -3.3877203465
   0.6321393251   3.2071552277   3.0624387264
  -3.1139829159   0.3177756071   0.7497343421
  -1.5518388748  -1.9313303232  -0.3720015883
  -3.2469849586  -2.6691870689   1.5373280048
  -0.7030984163  -2.5292897224  -0.8268365860
